13.806	10.623	9	6.525	4.626	2.742	1.117	-0.367	-1.085	-2.276	-3.328	-4.712
9.73	8.418	7.675	6.128	4.644	3.038	1.62	-0.066	-0.711	-1.868	-2.925	-4.339
6.159	5.512	5.178	4.334	3.408	2.33	1.357	0.107	-0.52	-1.603	-2.619	-4.014
6.017	4.577	4.061	3.167	2.39	1.605	0.916	0.093	-0.463	-1.467	-2.432	-3.773
7.742	5.666	4.866	3.587	2.617	1.696	0.938	0.082	-0.465	-1.408	-2.322	-3.603
11.9	8.592	7.175	5.114	3.641	2.32	1.281	0.16	-0.437	-1.352	-2.234	-3.469
11.828	9.419	8.196	6.226	4.651	3.1	1.817	0.35	-0.383	-1.281	-2.149	-3.354
9.528	7.598	6.896	5.549	4.319	3.011	1.881	0.53	-0.299	-1.185	-2.036	-3.228
11.803	8.85	7.594	5.709	4.287	2.95	1.858	0.623	-0.241	-1.103	-1.94	-3.111
7.727	7.243	6.807	5.702	4.555	3.289	2.171	0.855	-0.173	-1.024	-1.845	-2.994
9.375	6.763	5.878	4.532	3.489	2.506	1.669	0.706	-0.123	-0.954	-1.764	-2.891
4.784	4.726	4.7	4.217	3.499	2.623	1.801	0.808	-0.086	-0.905	-1.69	-2.8
3.107	2.684	2.6	2.339	1.968	1.519	1.059	0.478	-0.086	-0.86	-1.631	-2.715
3.877	2.939	2.546	1.972	1.516	1.099	0.714	0.299	-0.125	-0.854	-1.589	-2.642
3.837	3.007	2.734	2.227	1.723	1.226	0.791	0.307	-0.159	-0.858	-1.587	-2.598
9.591	6.404	5.154	3.487	2.438	1.603	0.973	0.368	-0.155	-0.857	-1.555	-2.554
10.427	7.979	6.971	5.314	4.025	2.809	1.817	0.764	-0.108	-0.829	-1.529	-2.508
9.75	8.093	7.222	5.72	4.455	3.205	2.157	0.981	-0.047	-0.796	-1.492	-2.46
8.485	7.444	6.748	5.482	4.355	3.214	2.212	1.087	0.037	-0.75	-1.434	-2.399
6.625	5.538	5.091	4.268	3.472	2.645	1.876	0.978	0.115	-0.699	-1.378	-2.345
6.098	5.141	4.748	3.961	3.194	2.402	1.691	0.899	0.134	-0.657	-1.326	-2.272
2.489	2.717	2.841	2.745	2.392	1.904	1.387	0.762	0.131	-0.623	-1.292	-2.228
2.881	2.089	1.81	1.5	1.233	0.977	0.69	0.371	0.027	-0.622	-1.265	-2.181
3.002	2.644	2.477	2.059	1.607	1.176	0.788	0.393	0.004	-0.619	-1.262	-2.149
2.707	1.999	1.788	1.457	1.158	0.873	0.589	0.293	-0.02	-0.622	-1.232	-2.13
4.079	2.911	2.551	1.954	1.462	1.03	0.662	0.312	-0.036	-0.619	-1.223	-2.096
6.359	4.028	3.439	2.577	1.935	1.356	0.872	0.412	-0.028	-0.619	-1.225	-2.082
6.583	4.92	4.336	3.421	2.647	1.909	1.257	0.622	0.016	-0.624	-1.225	-2.053
7.757	5.496	4.74	3.669	2.845	2.072	1.393	0.713	0.056	-0.609	-1.187	-2.027
5.987	5.279	4.901	4.082	3.267	2.425	1.664	0.876	0.122	-0.581	-1.173	-2.003
1.519	1.92	2.168	2.289	2.083	1.701	1.246	0.695	0.108	-0.566	-1.146	-1.964
1.776	1.381	1.293	1.151	0.961	0.763	0.541	0.289	-0.001	-0.54	-1.123	-1.928
2.784	1.98	1.711	1.308	0.982	0.694	0.453	0.216	-0.035	-0.572	-1.104	-1.921
1.258	1.319	1.337	1.242	1.025	0.781	0.513	0.246	-0.036	-0.582	-1.104	-1.899
0.534	0.393	0.469	0.532	0.466	0.381	0.249	0.108	-0.071	-0.584	-1.106	-1.88
0.301	0.296	0.335	0.373	0.294	0.223	0.124	0.038	-0.088	-0.592	-1.114	-1.877
-0.029	-0.015	0.044	0.126	0.109	0.09	0.04	-0.01	-0.115	-0.623	-1.151	-1.88
0.648	0.215	0.184	0.135	0.058	0.024	-0.018	-0.038	-0.141	-0.629	-1.146	-1.885
2.777	1.242	0.983	0.635	0.392	0.228	0.091	0.003	-0.162	-0.662	-1.147	-1.88
4.032	2.525	2.075	1.48	1.04	0.669	0.369	0.093	-0.194	-0.66	-1.157	-1.881
4.749	3.181	2.675	1.989	1.466	0.981	0.574	0.159	-0.195	-0.68	-1.185	-1.881
6.7	4.798	4.072	2.984	2.177	1.451	0.856	0.271	-0.187	-0.667	-1.163	-1.847
7.133	5.486	4.806	3.663	2.76	1.891	1.16	0.4	-0.152	-0.658	-1.143	-1.837
4.563	4.088	3.886	3.308	2.637	1.901	1.23	0.474	-0.129	-0.642	-1.139	-1.832
2.187	1.839	1.787	1.658	1.415	1.089	0.731	0.292	-0.115	-0.621	-1.106	-1.799
2.939	2.164	1.889	1.468	1.104	0.78	0.483	0.165	-0.142	-0.619	-1.104	-1.783
4.175	2.785	2.284	1.665	1.22	0.832	0.504	0.167	-0.153	-0.62	-1.105	-1.757
6.362	4.626	3.893	2.82	2.046	1.377	0.845	0.309	-0.135	-0.62	-1.098	-1.757
5.574	4.643	4.214	3.38	2.623	1.856	1.2	0.486	-0.114	-0.602	-1.065	-1.745
4.546	3.816	3.499	2.874	2.264	1.65	1.08	0.462	-0.089	-0.581	-1.067	-1.717
5.426	3.958	3.433	2.646	2.028	1.464	0.963	0.419	-0.074	-0.575	-1.031	-1.704
7.673	5.62	4.773	3.523	2.618	1.833	1.196	0.519	-0.066	-0.544	-1.026	-1.676
8.565	6.745	5.889	4.517	3.452	2.467	1.649	0.777	-0.005	-0.542	-1.009	-1.666
7.686	6.336	5.681	4.559	3.599	2.659	1.829	0.929	0.085	-0.509	-0.986	-1.636
7.094	5.892	5.334	4.324	3.44	2.576	1.805	0.961	0.167	-0.487	-0.953	-1.616
6.168	5.257	4.785	3.936	3.166	2.402	1.698	0.943	0.221	-0.462	-0.928	-1.592
6.23	5.128	4.591	3.69	2.929	2.211	1.563	0.884	0.234	-0.424	-0.907	-1.555
5.629	4.367	3.958	3.299	2.676	2.058	1.476	0.85	0.25	-0.413	-0.874	-1.531
5.329	4.351	3.883	3.155	2.537	1.947	1.401	0.816	0.258	-0.385	-0.867	-1.515
5.242	4.43	4.016	3.275	2.62	1.994	1.424	0.839	0.271	-0.382	-0.833	-1.48
1.077	1.638	1.878	1.998	1.822	1.52	1.152	0.708	0.249	-0.35	-0.829	-1.473
0.725	0.681	0.736	0.777	0.708	0.606	0.453	0.284	0.064	-0.349	-0.805	-1.435
0.009	0.144	0.254	0.367	0.329	0.291	0.205	0.113	-0.014	-0.349	-0.789	-1.435
0.763	0.451	0.317	0.218	0.131	0.095	0.046	0.016	-0.044	-0.384	-0.796	-1.435
0.57	0.595	0.596	0.546	0.414	0.302	0.179	0.088	-0.038	-0.386	-0.825	-1.427
0.027	0.038	0.068	0.139	0.116	0.105	0.059	0.025	-0.05	-0.386	-0.83	-1.403
1.482	0.778	0.561	0.323	0.153	0.082	0.022	-0.01	-0.071	-0.404	-0.829	-1.395
-0.072	0.089	0.228	0.343	0.307	0.246	0.149	0.061	-0.049	-0.425	-0.829	-1.395
-0.159	-0.16	-0.054	0.035	0.019	0.023	-0.003	-0.022	-0.076	-0.425	-0.828	-1.395
-0.29	-0.184	-0.091	-0.022	-0.035	-0.034	-0.039	-0.038	-0.076	-0.428	-0.828	-1.395
-0.376	-0.189	-0.105	-0.048	-0.068	-0.045	-0.039	-0.038	-0.076	-0.464	-0.843	-1.395
-0.696	-0.292	-0.13	-0.048	-0.068	-0.045	-0.039	-0.038	-0.104	-0.464	-0.868	-1.398
-1.833	-0.583	-0.21	-0.049	-0.068	-0.045	-0.043	-0.038	-0.115	-0.476	-0.869	-1.422
-1.143	-0.525	-0.219	-0.059	-0.068	-0.045	-0.054	-0.038	-0.115	-0.503	-0.868	-1.435
-0.388	-0.247	-0.137	-0.048	-0.068	-0.045	-0.047	-0.038	-0.149	-0.503	-0.873	-1.435
-0.132	-0.145	-0.101	-0.048	-0.068	-0.045	-0.058	-0.038	-0.154	-0.525	-0.908	-1.435
-0.042	-0.11	-0.085	-0.048	-0.068	-0.045	-0.071	-0.038	-0.184	-0.543	-0.908	-1.435
-0.159	-0.121	-0.085	-0.048	-0.068	-0.045	-0.071	-0.038	-0.193	-0.544	-0.908	-1.435
-0.096	-0.123	-0.085	-0.048	-0.068	-0.045	-0.078	-0.043	-0.21	-0.579	-0.932	-1.435
-0.39	-0.206	-0.112	-0.048	-0.068	-0.045	-0.078	-0.072	-0.231	-0.582	-0.947	-1.436
-1.614	-0.533	-0.221	-0.054	-0.068	-0.045	-0.078	-0.077	-0.256	-0.605	-0.948	-1.474
-1.515	-0.722	-0.341	-0.085	-0.066	-0.044	-0.076	-0.075	-0.269	-0.62	-0.961	-1.474
-0.792	-0.43	-0.253	-0.08	-0.068	-0.045	-0.078	-0.086	-0.28	-0.621	-0.987	-1.476
-0.81	-0.391	-0.229	-0.086	-0.068	-0.048	-0.078	-0.115	-0.309	-0.649	-0.987	-1.476
-0.953	-0.474	-0.271	-0.086	-0.068	-0.063	-0.078	-0.118	-0.317	-0.66	-0.987	-1.476
-0.562	-0.371	-0.243	-0.086	-0.068	-0.074	-0.078	-0.154	-0.348	-0.663	-1.023	-1.477
-1.094	-0.493	-0.294	-0.086	-0.081	-0.084	-0.078	-0.165	-0.353	-0.7	-1.026	-1.511
-1.234	-0.703	-0.438	-0.122	-0.106	-0.084	-0.078	-0.192	-0.387	-0.7	-1.029	-1.516
-0.631	-0.485	-0.354	-0.125	-0.106	-0.084	-0.081	-0.223	-0.408	-0.732	-1.066	-1.516
-0.125	-0.237	-0.216	-0.101	-0.106	-0.084	-0.116	-0.259	-0.441	-0.752	-1.068	-1.518
-0.649	-0.265	-0.182	-0.086	-0.106	-0.084	-0.139	-0.301	-0.48	-0.783	-1.104	-1.554
-5.116	-2.445	-1.489	-0.549	-0.218	-0.118	-0.193	-0.358	-0.528	-0.819	-1.13	-1.56
-5.255	-3.638	-2.878	-1.721	-0.767	-0.257	-0.249	-0.405	-0.57	-0.858	-1.156	-1.597
-4.733	-3.608	-3.081	-2.208	-1.494	-0.792	-0.504	-0.55	-0.676	-0.922	-1.2	-1.611
-6.768	-5.031	-4.292	-3.303	-2.486	-1.743	-1.245	-1.084	-1.077	-1.151	-1.347	-1.693
-7.481	-6.2	-5.586	-4.725	-3.822	-2.972	-2.291	-1.976	-1.835	-1.675	-1.701	-1.889
-6.067	-5.661	-5.392	-4.895	-4.311	-3.621	-3.074	-2.765	-2.592	-2.313	-2.21	-2.223
-8.196	-6.554	-5.895	-5.139	-4.491	-3.891	-3.414	-3.164	-3.027	-2.778	-2.652	-2.589
-12.94	-10.546	-9.431	-8.068	-6.769	-5.585	-4.506	-4.017	-3.742	-3.309	-3.087	-2.931
-12.603	-11.14	-10.381	-9.344	-8.165	-6.976	-5.836	-5.246	-4.863	-4.207	-3.795	-3.423
-12.472	-11.29	-10.642	-9.75	-8.696	-7.637	-6.626	-6.075	-5.699	-5.022	-4.544	-4.033
-12.088	-11.039	-10.487	-9.721	-8.864	-7.925	-7.096	-6.619	-6.28	-5.64	-5.163	-4.593
-10.967	-10.574	-10.25	-9.677	-9.003	-8.16	-7.45	-7.021	-6.714	-6.109	-5.648	-5.071
-10.048	-9.69	-9.436	-8.987	-8.5	-7.931	-7.428	-7.125	-6.892	-6.402	-6.001	-5.463
-9.351	-9.191	-9.021	-8.676	-8.318	-7.847	-7.434	-7.167	-6.972	-6.557	-6.213	-5.733
-9.991	-9.474	-9.146	-8.655	-8.244	-7.787	-7.397	-7.157	-7.003	-6.646	-6.356	-5.939
-9.898	-9.699	-9.496	-9.078	-8.649	-8.128	-7.679	-7.395	-7.212	-6.818	-6.519	-6.106
-8.833	-8.772	-8.689	-8.455	-8.225	-7.912	-7.624	-7.424	-7.292	-6.967	-6.688	-6.291
-8.407	-8.321	-8.246	-8.054	-7.882	-7.651	-7.439	-7.296	-7.202	-6.951	-6.753	-6.411
-8.134	-8.023	-7.948	-7.781	-7.642	-7.458	-7.294	-7.176	-7.106	-6.906	-6.755	-6.467
-8.57	-8.344	-8.203	-7.933	-7.718	-7.476	-7.262	-7.142	-7.072	-6.894	-6.737	-6.497
-8.203	-8.05	-7.892	-7.684	-7.558	-7.393	-7.243	-7.133	-7.068	-6.894	-6.755	-6.545
-10.095	-9.73	-9.319	-8.729	-8.312	-7.861	-7.492	-7.296	-7.189	-6.956	-6.805	-6.599
-9.718	-9.398	-9.175	-8.782	-8.468	-8.105	-7.77	-7.568	-7.448	-7.173	-6.976	-6.71
-11.474	-10.702	-10.245	-9.577	-9.075	-8.529	-8.056	-7.809	-7.654	-7.349	-7.134	-6.849
-11.85	-11.312	-10.91	-10.246	-9.719	-9.111	-8.552	-8.24	-8.039	-7.652	-7.382	-7.03
-10.18	-10.173	-10.08	-9.806	-9.497	-9.102	-8.716	-8.463	-8.281	-7.922	-7.64	-7.252
-9.27	-9.272	-9.22	-9.063	-8.9	-8.696	-8.474	-8.327	-8.23	-7.962	-7.754	-7.406
-9.296	-9.166	-9.058	-8.847	-8.671	-8.479	-8.295	-8.173	-8.108	-7.9	-7.728	-7.459
-9.595	-9.339	-9.178	-8.912	-8.704	-8.483	-8.281	-8.142	-8.079	-7.866	-7.718	-7.491
-10.885	-10.343	-10.024	-9.536	-9.161	-8.783	-8.46	-8.282	-8.174	-7.952	-7.784	-7.543
-11.603	-11.189	-10.886	-10.361	-9.886	-9.371	-8.911	-8.657	-8.499	-8.178	-7.949	-7.654
-9.986	-10.096	-10.076	-9.904	-9.676	-9.375	-9.074	-8.873	-8.731	-8.42	-8.175	-7.832
-9.636	-9.488	-9.404	-9.237	-9.105	-8.967	-8.8	-8.696	-8.629	-8.425	-8.25	-7.957
-10.999	-10.483	-10.195	-9.76	-9.445	-9.124	-8.848	-8.695	-8.616	-8.409	-8.249	-7.99
-11.774	-11.255	-10.941	-10.437	-10.012	-9.569	-9.182	-8.961	-8.832	-8.554	-8.354	-8.068
-12.385	-11.815	-11.481	-10.94	-10.471	-9.968	-9.525	-9.275	-9.118	-8.787	-8.548	-8.218
-12.938	-12.328	-11.972	-11.396	-10.894	-10.349	-9.858	-9.587	-9.411	-9.044	-8.77	-8.404
-14.54	-13.64	-13.114	-12.366	-11.662	-10.948	-10.327	-9.983	-9.771	-9.341	-9.028	-8.61
-15.512	-14.548	-13.994	-13.191	-12.401	-11.618	-10.895	-10.51	-10.252	-9.734	-9.362	-8.876
-15.196	-14.724	-14.351	-13.7	-12.982	-12.198	-11.455	-11.03	-10.746	-10.179	-9.744	-9.183
-13.763	-13.546	-13.361	-12.962	-12.533	-12.006	-11.497	-11.187	-10.969	-10.467	-10.058	-9.481
-13.2	-12.964	-12.795	-12.454	-12.111	-11.719	-11.33	-11.088	-10.921	-10.513	-10.18	-9.669
-12.428	-12.349	-12.256	-12.017	-11.765	-11.461	-11.16	-10.966	-10.832	-10.502	-10.19	-9.763
-11.96	-11.869	-11.789	-11.588	-11.392	-11.173	-10.939	-10.792	-10.691	-10.424	-10.183	-9.799
-11.83	-11.667	-11.566	-11.354	-11.167	-10.974	-10.769	-10.643	-10.562	-10.329	-10.129	-9.796
-12.632	-12.24	-12.008	-11.643	-11.338	-11.048	-10.771	-10.617	-10.518	-10.296	-10.091	-9.796
-12.968	-12.578	-12.372	-11.988	-11.633	-11.276	-10.943	-10.748	-10.63	-10.355	-10.137	-9.82
-13.56	-13.137	-12.879	-12.412	-11.989	-11.552	-11.152	-10.936	-10.793	-10.478	-10.244	-9.894
-13.273	-12.911	-12.694	-12.333	-11.993	-11.628	-11.303	-11.085	-10.938	-10.629	-10.371	-10.007
-13.885	-13.433	-13.172	-12.715	-12.291	-11.842	-11.436	-11.204	-11.059	-10.731	-10.478	-10.108
-14.147	-13.698	-13.423	-12.963	-12.522	-12.06	-11.632	-11.391	-11.231	-10.889	-10.616	-10.225
-14.515	-13.944	-13.636	-13.134	-12.696	-12.226	-11.799	-11.555	-11.396	-11.044	-10.766	-10.358
-15.95	-15.171	-14.698	-13.999	-13.377	-12.732	-12.157	-11.854	-11.648	-11.241	-10.931	-10.502
-17.168	-16.263	-15.714	-14.931	-14.168	-13.395	-12.699	-12.322	-12.076	-11.575	-11.201	-10.699
-17.748	-16.928	-16.407	-15.634	-14.846	-14.027	-13.258	-12.84	-12.553	-11.987	-11.552	-10.97
-17.766	-17.079	-16.636	-15.925	-15.205	-14.415	-13.668	-13.248	-12.962	-12.374	-11.907	-11.278
-18.324	-17.508	-17.013	-16.246	-15.494	-14.709	-13.965	-13.553	-13.267	-12.684	-12.211	-11.558
-18.035	-17.475	-17.101	-16.429	-15.749	-14.99	-14.274	-13.864	-13.573	-12.982	-12.499	-11.818
-16.237	-16.14	-16.008	-15.653	-15.246	-14.751	-14.235	-13.917	-13.69	-13.147	-12.707	-12.049
-17.216	-16.549	-16.154	-15.571	-15.058	-14.549	-14.052	-13.76	-13.572	-13.146	-12.741	-12.181
-19.1	-18.086	-17.505	-16.641	-15.911	-15.126	-14.399	-14.018	-13.762	-13.244	-12.839	-12.249
-21.094	-19.903	-19.178	-18.1	-17.176	-16.13	-15.135	-14.621	-14.287	-13.638	-13.127	-12.45
-22.195	-21.072	-20.338	-19.218	-18.234	-17.075	-15.96	-15.366	-14.968	-14.193	-13.592	-12.796
-22.325	-21.423	-20.808	-19.795	-18.843	-17.711	-16.606	-16.014	-15.585	-14.762	-14.104	-13.216
-20.801	-20.415	-20.058	-19.372	-18.629	-17.756	-16.86	-16.353	-15.964	-15.197	-14.543	-13.629
-21.176	-20.387	-19.891	-19.116	-18.381	-17.592	-16.792	-16.341	-16.016	-15.343	-14.767	-13.911
-22.505	-21.447	-20.816	-19.849	-18.959	-18.006	-17.059	-16.567	-16.218	-15.507	-14.915	-14.08
-22.945	-22.101	-21.542	-20.617	-19.635	-18.637	-17.596	-17.042	-16.65	-15.869	-15.234	-14.354
-22.133	-21.434	-20.984	-20.254	-19.465	-18.621	-17.766	-17.269	-16.918	-16.188	-15.552	-14.651
-23.36	-22.343	-21.74	-20.836	-19.851	-18.936	-17.98	-17.471	-17.098	-16.366	-15.746	-14.872
-24.418	-23.302	-22.636	-21.652	-20.547	-19.536	-18.451	-17.89	-17.493	-16.692	-16.035	-15.113
-25.096	-24.004	-23.33	-22.332	-21.192	-20.139	-18.985	-18.388	-17.953	-17.101	-16.4	-15.429
-25.43	-24.406	-23.746	-22.784	-21.653	-20.594	-19.442	-18.838	-18.396	-17.517	-16.782	-15.769
-26.009	-24.909	-24.237	-23.235	-22.075	-21.014	-19.844	-19.231	-18.786	-17.9	-17.154	-16.101
-26.385	-25.37	-24.708	-23.709	-22.54	-21.468	-20.274	-19.645	-19.185	-18.281	-17.512	-16.44
-26.605	-25.62	-24.993	-24.023	-22.873	-21.807	-20.632	-20.013	-19.552	-18.638	-17.869	-16.774
-26.49	-25.623	-25.053	-24.134	-23.059	-22.018	-20.914	-20.304	-19.853	-18.957	-18.183	-17.089
-25.636	-25.134	-24.722	-23.976	-23.062	-22.094	-21.069	-20.503	-20.076	-19.214	-18.461	-17.378
-23.222	-23.039	-22.868	-22.449	-21.928	-21.347	-20.688	-20.288	-19.971	-19.258	-18.605	-17.581
-24.09	-23.374	-22.957	-22.331	-21.643	-20.976	-20.309	-19.912	-19.658	-19.035	-18.491	-17.585
-24.243	-23.533	-23.092	-22.414	-21.725	-21.027	-20.308	-19.887	-19.633	-19.002	-18.467	-17.596
-25.574	-24.659	-24.07	-23.175	-22.329	-21.456	-20.555	-20.081	-19.745	-19.065	-18.495	-17.657
-25.642	-24.897	-24.406	-23.58	-22.756	-21.853	-20.915	-20.418	-20.067	-19.324	-18.706	-17.808
-25.799	-25.099	-24.593	-23.752	-22.939	-22.057	-21.134	-20.643	-20.282	-19.536	-18.909	-18
-24.951	-24.464	-24.089	-23.441	-22.744	-22.007	-21.21	-20.75	-20.43	-19.73	-19.104	-18.188
-24.667	-24.228	-23.874	-23.259	-22.59	-21.878	-21.138	-20.745	-20.428	-19.768	-19.178	-18.315
-24.338	-23.778	-23.411	-22.822	-22.222	-21.62	-20.974	-20.611	-20.333	-19.735	-19.208	-18.368
-26.262	-25.246	-24.632	-23.708	-22.872	-22.014	-21.138	-20.691	-20.377	-19.733	-19.207	-18.39
-26.031	-25.499	-25.078	-24.309	-23.479	-22.589	-21.64	-21.137	-20.774	-20.039	-19.429	-18.558
-23.935	-23.804	-23.652	-23.211	-22.69	-22.137	-21.492	-21.116	-20.829	-20.196	-19.6	-18.756
-21.82	-21.964	-21.969	-21.817	-21.57	-21.302	-20.917	-20.674	-20.481	-19.998	-19.535	-18.794
-20.422	-20.574	-20.624	-20.587	-20.475	-20.408	-20.196	-20.055	-19.944	-19.611	-19.272	-18.668
-21.397	-21.12	-20.967	-20.63	-20.326	-20.103	-19.782	-19.643	-19.529	-19.237	-18.949	-18.447
-22.317	-21.695	-21.384	-20.898	-20.466	-20.124	-19.73	-19.529	-19.384	-19.054	-18.78	-18.285
-24.3	-23.364	-22.846	-22.066	-21.366	-20.729	-20.068	-19.741	-19.53	-19.08	-18.733	-18.216
-25.177	-24.351	-23.82	-23.018	-22.221	-21.434	-20.625	-20.208	-19.928	-19.37	-18.924	-18.289
-24.396	-23.894	-23.531	-22.932	-22.268	-21.605	-20.889	-20.512	-20.252	-19.662	-19.179	-18.487
-24.059	-23.594	-23.279	-22.732	-22.142	-21.563	-20.927	-20.589	-20.337	-19.782	-19.327	-18.632
-24.074	-23.55	-23.213	-22.639	-22.064	-21.494	-20.877	-20.591	-20.358	-19.842	-19.382	-18.725
-24.923	-24.201	-23.746	-23.048	-22.366	-21.707	-21.021	-20.658	-20.402	-19.868	-19.443	-18.767
-26.079	-25.084	-24.512	-23.676	-22.872	-22.119	-21.315	-20.905	-20.626	-20.043	-19.561	-18.867
-27.772	-26.599	-25.908	-24.874	-23.897	-22.936	-21.908	-21.406	-21.05	-20.364	-19.811	-19.046
-28.775	-27.655	-26.956	-25.877	-24.834	-23.754	-22.607	-22.029	-21.625	-20.836	-20.2	-19.332
-29.053	-28.05	-27.402	-26.388	-25.346	-24.288	-23.148	-22.561	-22.137	-21.31	-20.611	-19.675
-28.795	-27.972	-27.41	-26.541	-25.518	-24.538	-23.483	-22.922	-22.509	-21.685	-20.986	-20.003
-28.203	-27.545	-27.096	-26.344	-25.474	-24.549	-23.622	-23.112	-22.721	-21.933	-21.259	-20.29
-27.296	-26.735	-26.384	-25.757	-25.039	-24.322	-23.533	-23.089	-22.769	-22.062	-21.435	-20.504
-27.385	-26.688	-26.264	-25.606	-24.853	-24.164	-23.372	-22.982	-22.672	-21.995	-21.462	-20.592
-27.67	-26.89	-26.418	-25.686	-24.923	-24.213	-23.41	-23.003	-22.715	-22.067	-21.507	-20.668
-28.042	-27.329	-26.88	-26.106	-25.286	-24.506	-23.631	-23.176	-22.856	-22.182	-21.596	-20.757
-28.345	-27.483	-26.983	-26.199	-25.375	-24.611	-23.765	-23.314	-23.001	-22.323	-21.748	-20.895
-26.998	-26.704	-26.454	-25.93	-25.267	-24.598	-23.852	-23.429	-23.134	-22.477	-21.88	-21.044
-25.205	-25.183	-25.101	-24.795	-24.39	-23.988	-23.476	-23.18	-22.95	-22.408	-21.895	-21.131
-24.101	-24.089	-24.032	-23.816	-23.544	-23.294	-22.934	-22.723	-22.561	-22.139	-21.738	-21.067
-23.527	-23.388	-23.311	-23.098	-22.867	-22.708	-22.422	-22.268	-22.14	-21.812	-21.489	-20.913
-23.019	-23.03	-23	-22.812	-22.579	-22.403	-22.121	-21.956	-21.842	-21.531	-21.241	-20.737
-22.847	-22.69	-22.603	-22.384	-22.186	-22.032	-21.768	-21.645	-21.552	-21.285	-21.03	-20.574
-24.306	-23.635	-23.317	-22.82	-22.399	-22.072	-21.707	-21.494	-21.388	-21.109	-20.851	-20.422
-26.848	-25.771	-25.198	-24.401	-23.593	-22.865	-22.176	-21.841	-21.614	-21.174	-20.838	-20.331
-28.06	-27.059	-26.485	-25.63	-24.705	-23.812	-22.925	-22.47	-22.169	-21.569	-21.108	-20.479
-26.984	-26.588	-26.275	-25.694	-24.958	-24.191	-23.376	-22.953	-22.646	-21.998	-21.473	-20.754
-27.207	-26.397	-25.959	-25.331	-24.63	-23.98	-23.306	-22.941	-22.686	-22.12	-21.648	-20.932
-27.008	-26.6	-26.323	-25.759	-25.034	-24.322	-23.57	-23.181	-22.876	-22.281	-21.791	-21.076
-25.564	-25.32	-25.154	-24.786	-24.316	-23.884	-23.368	-23.08	-22.855	-22.344	-21.9	-21.204
-24.516	-24.44	-24.361	-24.087	-23.758	-23.448	-23.051	-22.812	-22.643	-22.227	-21.832	-21.212
-24.296	-24.081	-23.933	-23.635	-23.32	-23.076	-22.695	-22.507	-22.37	-22.017	-21.7	-21.152
-24.613	-24.268	-24.064	-23.67	-23.296	-22.96	-22.581	-22.355	-22.209	-21.852	-21.549	-21.036
-25.59	-25.03	-24.724	-24.216	-23.66	-23.174	-22.67	-22.407	-22.226	-21.834	-21.491	-21.014
-25.947	-25.476	-25.176	-24.684	-24.068	-23.528	-22.943	-22.639	-22.428	-21.965	-21.59	-21.028
-27.575	-26.646	-26.151	-25.436	-24.66	-23.971	-23.259	-22.905	-22.659	-22.145	-21.735	-21.13
-28.074	-27.293	-26.823	-26.097	-25.277	-24.534	-23.723	-23.309	-23.03	-22.442	-21.964	-21.29
-28.076	-27.423	-26.992	-26.288	-25.533	-24.827	-24.032	-23.619	-23.322	-22.72	-22.21	-21.5
-28.157	-27.542	-27.104	-26.428	-25.692	-24.983	-24.219	-23.82	-23.535	-22.927	-22.424	-21.687
-29.421	-28.427	-27.847	-26.98	-26.139	-25.342	-24.488	-24.056	-23.747	-23.124	-22.614	-21.859
-30.936	-29.866	-29.208	-28.195	-27.16	-26.164	-25.096	-24.563	-24.201	-23.467	-22.878	-22.066
-30.008	-29.44	-29.025	-28.325	-27.412	-26.499	-25.517	-25.039	-24.638	-23.879	-23.234	-22.356
-29.485	-28.823	-28.414	-27.769	-26.985	-26.264	-25.46	-25.014	-24.712	-24.047	-23.459	-22.597
-30.634	-29.718	-29.176	-28.308	-27.415	-26.564	-25.647	-25.176	-24.844	-24.171	-23.579	-22.748
-30.36	-29.647	-29.192	-28.447	-27.604	-26.832	-25.913	-25.445	-25.099	-24.394	-23.799	-22.927
-31.239	-30.294	-29.714	-28.831	-27.931	-27.065	-26.115	-25.631	-25.283	-24.575	-23.968	-23.11
-31.57	-30.781	-30.265	-29.39	-28.45	-27.506	-26.491	-25.973	-25.589	-24.829	-24.201	-23.298
-30.242	-29.785	-29.467	-28.883	-28.105	-27.377	-26.551	-26.08	-25.78	-25.042	-24.415	-23.509
-29.886	-29.393	-29.076	-28.503	-27.79	-27.141	-26.372	-25.997	-25.685	-25.059	-24.511	-23.643
-28.863	-28.521	-28.315	-27.871	-27.302	-26.795	-26.182	-25.859	-25.598	-25.022	-24.508	-23.682
-29.353	-28.755	-28.413	-27.866	-27.225	-26.632	-26.024	-25.684	-25.465	-24.893	-24.442	-23.673
-30.481	-29.655	-29.174	-28.447	-27.638	-26.922	-26.152	-25.77	-25.491	-24.908	-24.437	-23.668
-29.92	-29.405	-29.056	-28.422	-27.736	-27.075	-26.327	-25.945	-25.649	-25.039	-24.52	-23.767
-30.3	-29.672	-29.273	-28.641	-27.863	-27.182	-26.401	-26.034	-25.739	-25.134	-24.626	-23.859
-28.766	-28.598	-28.434	-27.998	-27.478	-26.985	-26.367	-26.037	-25.784	-25.207	-24.741	-23.971
-28.706	-28.215	-27.926	-27.453	-26.947	-26.548	-26.013	-25.743	-25.55	-25.07	-24.645	-23.956
-28.299	-28.053	-27.856	-27.426	-26.94	-26.519	-25.978	-25.684	-25.48	-24.989	-24.559	-23.939
-28.734	-28.156	-27.842	-27.299	-26.792	-26.353	-25.829	-25.531	-25.34	-24.894	-24.506	-23.86
-29.585	-28.948	-28.562	-27.907	-27.256	-26.669	-25.987	-25.66	-25.423	-24.908	-24.49	-23.855
-30.358	-29.678	-29.234	-28.567	-27.772	-27.053	-26.295	-25.909	-25.643	-25.077	-24.606	-23.933
-30.326	-29.785	-29.41	-28.77	-28.047	-27.332	-26.559	-26.152	-25.865	-25.265	-24.767	-24.045
-29.568	-29.228	-28.976	-28.494	-27.851	-27.238	-26.585	-26.191	-25.973	-25.355	-24.895	-24.166
-28.388	-28.237	-28.104	-27.768	-27.293	-26.882	-26.357	-26.075	-25.858	-25.35	-24.926	-24.252
-27.778	-27.544	-27.397	-27.063	-26.691	-26.401	-25.984	-25.761	-25.6	-25.178	-24.795	-24.197
-29.677	-28.871	-28.427	-27.79	-27.105	-26.546	-25.95	-25.661	-25.455	-25.041	-24.653	-24.089
-30.375	-29.756	-29.339	-28.673	-27.884	-27.169	-26.403	-26.02	-25.741	-25.19	-24.76	-24.11
-29.835	-29.31	-28.963	-28.399	-27.756	-27.166	-26.532	-26.182	-25.882	-25.354	-24.897	-24.222
-30.638	-29.921	-29.472	-28.769	-28.03	-27.383	-26.64	-26.276	-26.005	-25.459	-24.986	-24.317
-30.881	-30.241	-29.821	-29.126	-28.359	-27.655	-26.878	-26.484	-26.198	-25.597	-25.128	-24.407
-30.264	-29.887	-29.595	-29.041	-28.341	-27.739	-27.007	-26.627	-26.347	-25.76	-25.266	-24.538
-29.923	-29.375	-29.051	-28.534	-27.925	-27.446	-26.851	-26.517	-26.295	-25.759	-25.299	-24.597
-30.81	-30.185	-29.782	-29.131	-28.364	-27.708	-26.964	-26.596	-26.335	-25.775	-25.314	-24.621
-28.95	-28.919	-28.801	-28.451	-27.986	-27.536	-26.972	-26.652	-26.394	-25.865	-25.42	-24.715
-29.399	-28.846	-28.522	-28.01	-27.51	-27.104	-26.596	-26.325	-26.138	-25.714	-25.336	-24.698
-29.222	-28.899	-28.671	-28.192	-27.668	-27.236	-26.642	-26.383	-26.163	-25.652	-25.31	-24.702
-29.139	-28.763	-28.527	-28.054	-27.554	-27.159	-26.61	-26.296	-26.089	-25.649	-25.307	-24.699
-29.278	-28.824	-28.554	-28.052	-27.53	-27.107	-26.545	-26.288	-26.082	-25.642	-25.301	-24.692
-29.208	-28.904	-28.655	-28.19	-27.669	-27.225	-26.649	-26.365	-26.153	-25.663	-25.318	-24.709
-29.08	-28.672	-28.43	-27.947	-27.489	-27.059	-26.542	-26.294	-26.096	-25.652	-25.306	-24.697
-30.09	-29.44	-29.077	-28.449	-27.832	-27.299	-26.667	-26.361	-26.142	-25.681	-25.299	-24.693
-30.475	-29.927	-29.566	-28.931	-28.27	-27.666	-26.965	-26.608	-26.363	-25.834	-25.411	-24.785
-28.844	-28.816	-28.718	-28.377	-27.93	-27.533	-26.986	-26.693	-26.486	-25.961	-25.531	-24.905
-26.908	-27.071	-27.107	-27.018	-26.828	-26.749	-26.445	-26.28	-26.158	-25.813	-25.475	-24.919
-26.16	-26.245	-26.261	-26.176	-26.05	-26.05	-25.849	-25.755	-25.682	-25.445	-25.204	-24.759
-25.873	-25.825	-25.795	-25.672	-25.534	-25.559	-25.392	-25.319	-25.265	-25.099	-24.908	-24.555
-26.655	-26.467	-26.327	-26.034	-25.74	-25.58	-25.301	-25.138	-25.093	-24.86	-24.678	-24.352
-26.848	-26.615	-26.466	-26.143	-25.835	-25.629	-25.313	-25.126	-25.033	-24.796	-24.585	-24.246
-26.686	-26.564	-26.452	-26.193	-25.87	-25.67	-25.308	-25.136	-25.027	-24.795	-24.563	-24.157
-25.104	-25.299	-25.349	-25.312	-25.213	-25.222	-25.037	-24.941	-24.882	-24.663	-24.475	-24.122
-24.955	-24.948	-24.948	-24.841	-24.732	-24.754	-24.624	-24.569	-24.536	-24.396	-24.263	-23.979
-24.444	-24.549	-24.589	-24.537	-24.443	-24.51	-24.37	-24.315	-24.288	-24.155	-24.045	-23.8
-23.598	-23.787	-23.864	-23.916	-23.909	-24.066	-24.008	-23.999	-23.994	-23.915	-23.828	-23.625
-23.238	-23.405	-23.467	-23.502	-23.515	-23.685	-23.644	-23.653	-23.668	-23.624	-23.581	-23.423
-23.073	-23.116	-23.162	-23.163	-23.168	-23.354	-23.326	-23.357	-23.376	-23.358	-23.337	-23.218
-24.227	-23.993	-23.859	-23.611	-23.435	-23.408	-23.268	-23.221	-23.226	-23.166	-23.142	-23.026
-23.519	-23.67	-23.724	-23.641	-23.54	-23.518	-23.378	-23.327	-23.271	-23.144	-23.105	-22.909
-22.425	-22.697	-22.812	-22.898	-22.923	-23.111	-23.076	-23.073	-23.084	-23.033	-22.978	-22.845
-21.619	-21.877	-22.017	-22.138	-22.262	-22.569	-22.628	-22.688	-22.737	-22.753	-22.759	-22.668
-22.635	-22.52	-22.463	-22.361	-22.296	-22.437	-22.406	-22.411	-22.488	-22.475	-22.501	-22.461
-22.892	-22.885	-22.85	-22.719	-22.591	-22.611	-22.486	-22.446	-22.447	-22.378	-22.402	-22.321
-22.144	-22.294	-22.337	-22.347	-22.33	-22.465	-22.396	-22.391	-22.401	-22.341	-22.329	-22.232
-22.766	-22.655	-22.592	-22.447	-22.331	-22.379	-22.293	-22.265	-22.268	-22.219	-22.203	-22.145
-23.635	-23.392	-23.238	-22.951	-22.72	-22.626	-22.416	-22.332	-22.303	-22.206	-22.156	-22.046
-23.898	-23.692	-23.55	-23.276	-23.002	-22.866	-22.623	-22.502	-22.444	-22.301	-22.202	-22.042
-23.852	-23.718	-23.619	-23.373	-23.126	-22.981	-22.74	-22.617	-22.536	-22.379	-22.259	-22.052
-23.5	-23.477	-23.399	-23.227	-23.03	-22.956	-22.727	-22.641	-22.57	-22.432	-22.324	-22.124
-22.781	-22.809	-22.825	-22.727	-22.645	-22.68	-22.545	-22.497	-22.472	-22.352	-22.267	-22.084
-23.187	-23.084	-23.007	-22.828	-22.655	-22.608	-22.45	-22.4	-22.365	-22.264	-22.174	-22.023
-22.671	-22.728	-22.727	-22.627	-22.519	-22.545	-22.404	-22.323	-22.305	-22.194	-22.125	-21.957
-22.765	-22.722	-22.684	-22.545	-22.404	-22.415	-22.269	-22.229	-22.229	-22.114	-22.066	-21.903
-22.047	-22.186	-22.249	-22.217	-22.17	-22.261	-22.155	-22.125	-22.114	-22.034	-21.975	-21.838
-21.522	-21.694	-21.758	-21.781	-21.793	-21.937	-21.902	-21.899	-21.917	-21.881	-21.853	-21.749
-21.31	-21.431	-21.468	-21.486	-21.5	-21.669	-21.664	-21.671	-21.713	-21.701	-21.702	-21.631
-20.867	-21.055	-21.146	-21.186	-21.242	-21.444	-21.436	-21.475	-21.512	-21.522	-21.539	-21.496
-20.628	-20.776	-20.846	-20.888	-20.947	-21.178	-21.194	-21.251	-21.312	-21.333	-21.376	-21.356
-19.864	-20.224	-20.365	-20.519	-20.637	-20.927	-20.985	-21.043	-21.107	-21.154	-21.207	-21.208
-18.351	-18.851	-19.121	-19.451	-19.768	-20.273	-20.494	-20.634	-20.757	-20.884	-20.987	-21.044
-18.457	-18.777	-18.939	-19.161	-19.408	-19.857	-20.063	-20.211	-20.355	-20.521	-20.681	-20.797
-18.446	-18.72	-18.857	-19.034	-19.244	-19.646	-19.822	-19.962	-20.092	-20.255	-20.42	-20.563
-18.787	-18.948	-19.026	-19.11	-19.248	-19.569	-19.696	-19.811	-19.904	-20.066	-20.221	-20.367
-18.933	-19.092	-19.152	-19.213	-19.304	-19.575	-19.655	-19.731	-19.823	-19.944	-20.08	-20.213
-18.74	-18.965	-19.062	-19.159	-19.26	-19.532	-19.61	-19.675	-19.754	-19.868	-19.991	-20.112
-17.283	-17.814	-18.068	-18.368	-18.662	-19.119	-19.316	-19.46	-19.583	-19.723	-19.867	-19.985
-16.385	-16.944	-17.221	-17.599	-17.981	-18.557	-18.852	-19.04	-19.208	-19.43	-19.627	-19.806
-16.053	-16.519	-16.761	-17.117	-17.488	-18.099	-18.416	-18.636	-18.825	-19.088	-19.337	-19.576
-16.201	-16.566	-16.762	-17.028	-17.344	-17.871	-18.154	-18.351	-18.531	-18.797	-19.046	-19.325
-16.714	-16.927	-17.036	-17.189	-17.409	-17.834	-18.049	-18.196	-18.354	-18.604	-18.839	-19.107
-16.47	-16.814	-16.982	-17.186	-17.403	-17.805	-17.994	-18.163	-18.293	-18.489	-18.705	-18.957
-16.887	-17.063	-17.133	-17.256	-17.416	-17.768	-17.925	-18.042	-18.187	-18.377	-18.582	-18.823
-16.626	-16.93	-17.077	-17.231	-17.422	-17.759	-17.919	-18.031	-18.14	-18.307	-18.497	-18.705
-16.137	-16.5	-16.677	-16.886	-17.12	-17.543	-17.74	-17.884	-18.015	-18.203	-18.394	-18.612
-16.614	-16.783	-16.871	-16.979	-17.125	-17.476	-17.621	-17.753	-17.893	-18.064	-18.256	-18.479
-15.985	-16.357	-16.542	-16.735	-16.97	-17.361	-17.535	-17.67	-17.798	-17.966	-18.158	-18.372
-15.771	-16.1	-16.259	-16.462	-16.72	-17.128	-17.339	-17.487	-17.624	-17.826	-18.025	-18.258
-15.896	-16.152	-16.285	-16.449	-16.66	-17.028	-17.224	-17.345	-17.488	-17.679	-17.886	-18.126
-15.591	-15.967	-16.138	-16.332	-16.545	-16.956	-17.122	-17.256	-17.389	-17.576	-17.783	-18
-14.187	-14.874	-15.193	-15.591	-15.987	-16.547	-16.837	-17.023	-17.183	-17.415	-17.637	-17.884
-13.375	-14.025	-14.339	-14.782	-15.265	-15.945	-16.334	-16.585	-16.797	-17.112	-17.395	-17.706
-12.931	-13.559	-13.877	-14.319	-14.806	-15.505	-15.914	-16.186	-16.417	-16.766	-17.091	-17.453
-13.13	-13.58	-13.805	-14.173	-14.59	-15.243	-15.627	-15.883	-16.112	-16.47	-16.815	-17.21
-13.07	-13.576	-13.818	-14.171	-14.553	-15.132	-15.482	-15.723	-15.928	-16.268	-16.587	-16.988
-12.814	-13.332	-13.587	-13.945	-14.352	-14.942	-15.306	-15.545	-15.755	-16.084	-16.41	-16.804
-12.98	-13.395	-13.611	-13.909	-14.275	-14.836	-15.169	-15.389	-15.593	-15.921	-16.24	-16.632
-13.161	-13.542	-13.718	-13.983	-14.293	-14.792	-15.085	-15.283	-15.479	-15.784	-16.096	-16.476
-13.143	-13.53	-13.715	-13.97	-14.275	-14.755	-15.031	-15.219	-15.41	-15.7	-15.981	-16.352
-12.299	-12.947	-13.232	-13.613	-14.006	-14.569	-14.895	-15.1	-15.285	-15.584	-15.875	-16.241
-11.37	-12.092	-12.436	-12.909	-13.416	-14.104	-14.532	-14.8	-15.028	-15.375	-15.703	-16.095
-10.106	-10.986	-11.448	-12.087	-12.727	-13.55	-14.062	-14.387	-14.655	-15.066	-15.442	-15.888
-7.703	-8.86	-9.521	-10.456	-11.4	-12.543	-13.272	-13.723	-14.064	-14.608	-15.072	-15.614
-5.779	-7.069	-7.803	-8.894	-10.001	-11.372	-12.274	-12.823	-13.258	-13.952	-14.528	-15.204
-3.97	-5.606	-6.355	-7.545	-8.773	-10.279	-11.288	-11.924	-12.413	-13.216	-13.9	-14.697
-1.687	-3.403	-4.204	-5.577	-7.051	-8.846	-10.093	-10.845	-11.43	-12.387	-13.183	-14.124
-0.444	-1.951	-2.724	-4.073	-5.554	-7.391	-8.725	-9.575	-10.231	-11.345	-12.284	-13.42
-0.386	-1.672	-2.336	-3.526	-4.885	-6.615	-7.885	-8.7	-9.36	-10.487	-11.469	-12.702
-0.239	-0.843	-1.046	-1.538	-2.557	-4.645	-6.638	-7.769	-8.5	-9.703	-10.734	-12.025
1.708	-0.694	-1.139	-2.276	-3.634	-5.142	-6.432	-7.31	-7.978	-9.121	-10.127	-11.431
4.438	-0.35	-1.146	-2.206	-3.404	-4.83	-6.046	-6.884	-7.525	-8.635	-9.629	-10.928
2.269	-0.065	-0.741	-1.773	-2.952	-4.359	-5.567	-6.402	-7.041	-8.15	-9.149	-10.45
2.728	-0.018	-0.629	-1.584	-2.702	-4.038	-5.191	-5.997	-6.618	-7.706	-8.693	-10.011
4.283	0.338	-0.492	-1.437	-2.507	-3.784	-4.899	-5.667	-6.27	-7.335	-8.298	-9.597
4.855	1.003	-0.235	-1.217	-2.274	-3.521	-4.61	-5.363	-5.953	-6.991	-7.946	-9.229
6.815	2.345	0.191	-0.953	-2.011	-3.245	-4.318	-5.06	-5.64	-6.671	-7.613	-8.885
5.117	2.388	0.542	-0.63	-1.674	-2.911	-3.99	-4.736	-5.32	-6.347	-7.285	-8.559
2.388	1.145	0.342	-0.437	-1.393	-2.59	-3.657	-4.398	-4.976	-6.009	-6.954	-8.224
2.625	1.072	0.32	-0.444	-1.321	-2.44	-3.445	-4.148	-4.708	-5.709	-6.641	-7.908
4.932	2.418	0.904	-0.38	-1.25	-2.319	-3.288	-3.965	-4.507	-5.474	-6.38	-7.626
5.988	2.976	1.392	-0.235	-1.076	-2.148	-3.103	-3.773	-4.31	-5.259	-6.146	-7.369
6.671	3.792	2.138	-0.06	-0.786	-1.863	-2.84	-3.524	-4.064	-5.021	-5.909	-7.126
6.634	4.318	2.848	0.108	-0.41	-1.462	-2.479	-3.19	-3.75	-4.739	-5.64	-6.871
10.814	6.821	4.863	0.646	-0.151	-1.019	-2.046	-2.786	-3.375	-4.396	-5.328	-6.587
7.396	5.48	4.419	1.363	-0.032	-0.442	-1.445	-2.235	-2.864	-3.975	-4.953	-6.265
5.843	4.199	3.42	1.623	-0.016	-0.224	-1.079	-1.825	-2.442	-3.549	-4.554	-5.904
8.61	5.936	4.664	2.467	0.087	-0.159	-0.924	-1.616	-2.2	-3.266	-4.244	-5.584
3.514	3.149	2.878	1.977	0.261	-0.069	-0.709	-1.391	-1.976	-3.027	-3.995	-5.321
3.546	2.377	1.965	1.235	0.245	-0.071	-0.662	-1.271	-1.825	-2.826	-3.773	-5.073
6.526	3.725	2.852	1.62	0.423	-0.082	-0.658	-1.243	-1.761	-2.713	-3.619	-4.879
10	6.805	5.374	3.203	1.204	-0.032	-0.603	-1.18	-1.69	-2.619	-3.496	-4.725
11.906	8.373	6.748	4.236	2.141	0.14	-0.467	-1.054	-1.573	-2.501	-3.368	-4.572
11.933	9.002	7.511	5.106	3.172	1.003	-0.181	-0.764	-1.316	-2.295	-3.187	-4.41
10.958	8.516	7.284	5.196	3.508	1.77	0.262	-0.501	-1.055	-2.049	-2.961	-4.203
9.557	7.601	6.609	4.853	3.388	1.868	0.544	-0.349	-0.887	-1.861	-2.759	-4
4.559	4.253	4.039	3.347	2.493	1.483	0.523	-0.273	-0.785	-1.724	-2.602	-3.821
8.004	5.351	4.347	2.923	1.955	1.069	0.355	-0.262	-0.739	-1.635	-2.483	-3.674
6.162	5.067	4.47	3.395	2.442	1.428	0.526	-0.231	-0.708	-1.574	-2.399	-3.553
5.329	4.375	3.89	2.971	2.134	1.259	0.479	-0.195	-0.667	-1.512	-2.316	-3.452
3.599	2.941	2.672	2.122	1.549	0.926	0.345	-0.194	-0.661	-1.467	-2.254	-3.357
4.922	3.31	2.81	2.026	1.388	0.78	0.262	-0.228	-0.661	-1.45	-2.2	-3.277
4.641	3.5	3.075	2.308	1.625	0.93	0.32	-0.231	-0.661	-1.415	-2.163	-3.212
5.028	3.459	2.914	2.092	1.444	0.815	0.265	-0.231	-0.643	-1.39	-2.12	-3.147
6.761	4.593	3.887	2.748	1.884	1.046	0.356	-0.228	-0.621	-1.375	-2.083	-3.094
7.124	4.818	4.155	3.062	2.149	1.24	0.453	-0.192	-0.608	-1.338	-2.042	-3.035
7.692	5.243	4.507	3.313	2.341	1.369	0.536	-0.189	-0.582	-1.304	-2.001	-2.979
6.571	4.803	4.253	3.262	2.361	1.425	0.605	-0.153	-0.553	-1.269	-1.955	-2.924
6.088	4.442	3.855	2.902	2.1	1.282	0.563	-0.142	-0.535	-1.231	-1.909	-2.862
7.993	5.645	4.717	3.348	2.347	1.406	0.627	-0.115	-0.504	-1.205	-1.867	-2.81
10.534	7.536	6.295	4.453	3.133	1.901	0.905	-0.086	-0.484	-1.168	-1.828	-2.759
7.341	6.044	5.545	4.435	3.35	2.177	1.151	-0.006	-0.438	-1.122	-1.777	-2.704
9.645	6.512	5.455	3.922	2.829	1.817	0.983	0.049	-0.392	-1.077	-1.729	-2.643
8.238	6.569	5.883	4.596	3.471	2.319	1.326	0.169	-0.358	-1.032	-1.679	-2.589
10.064	6.915	5.885	4.35	3.216	2.145	1.261	0.247	-0.314	-0.987	-1.631	-2.525
7.659	6.363	5.783	4.635	3.579	2.49	1.529	0.403	-0.275	-0.944	-1.577	-2.472
11.32	7.987	6.65	4.771	3.493	2.362	1.456	0.454	-0.232	-0.898	-1.533	-2.42
8.289	7.542	7.006	5.738	4.497	3.192	2.057	0.769	-0.179	-0.85	-1.485	-2.358
5.986	4.956	4.698	4.033	3.276	2.436	1.634	0.696	-0.121	-0.798	-1.428	-2.304
5.94	4.46	3.97	3.19	2.519	1.846	1.236	0.547	-0.107	-0.755	-1.376	-2.244
7.287	5.132	4.463	3.435	2.625	1.874	1.236	0.554	-0.076	-0.734	-1.339	-2.194
6.354	5.369	4.868	3.926	3.084	2.244	1.498	0.699	-0.048	-0.699	-1.304	-2.155
6.676	5.319	4.73	3.727	2.9	2.113	1.421	0.684	-0.029	-0.681	-1.271	-2.112
4.87	4.362	4.157	3.537	2.857	2.137	1.459	0.723	0.001	-0.66	-1.245	-2.072
3.076	2.683	2.621	2.368	1.982	1.535	1.073	0.548	0.009	-0.622	-1.218	-2.036
2.716	2.202	2.071	1.783	1.441	1.091	0.744	0.366	-0.026	-0.621	-1.185	-2.002
3.742	2.792	2.346	1.76	1.323	0.952	0.621	0.288	-0.059	-0.621	-1.185	-1.971
7.435	5.039	4.11	2.859	2.039	1.376	0.862	0.396	-0.045	-0.621	-1.185	-1.96
7.98	6.195	5.37	4.105	3.143	2.24	1.482	0.726	0.013	-0.616	-1.148	-1.922
7.813	6.543	5.876	4.668	3.658	2.676	1.821	0.935	0.096	-0.581	-1.143	-1.908
8.437	6.692	5.888	4.606	3.604	2.661	1.837	0.979	0.159	-0.565	-1.105	-1.877
8.375	7.105	6.41	5.122	4.036	2.982	2.07	1.139	0.258	-0.537	-1.078	-1.84
3.986	3.928	3.936	3.643	3.131	2.488	1.81	1.053	0.289	-0.503	-1.048	-1.809
4.561	3.654	3.291	2.705	2.183	1.682	1.201	0.697	0.191	-0.467	-1.023	-1.775
3.589	3.312	3.186	2.781	2.28	1.753	1.247	0.726	0.208	-0.464	-0.988	-1.744
2.787	2.371	2.235	1.952	1.608	1.257	0.9	0.526	0.14	-0.456	-0.987	-1.718
1.678	1.419	1.433	1.344	1.139	0.906	0.649	0.375	0.076	-0.453	-0.952	-1.684
2.54	1.829	1.565	1.215	0.927	0.682	0.455	0.253	0.019	-0.464	-0.947	-1.677
5.17	3.87	3.267	2.357	1.699	1.158	0.742	0.397	0.058	-0.464	-0.946	-1.671
4.374	3.779	3.439	2.814	2.231	1.654	1.123	0.644	0.151	-0.463	-0.946	-1.638
6.618	4.906	4.205	3.157	2.386	1.72	1.163	0.663	0.165	-0.432	-0.946	-1.636
4.782	4.257	3.992	3.376	2.733	2.073	1.456	0.852	0.255	-0.425	-0.917	-1.611
1.906	1.936	2.101	2.1	1.851	1.5	1.1	0.67	0.206	-0.425	-0.908	-1.596
1.207	1.041	1.094	1.105	0.97	0.803	0.59	0.348	0.079	-0.404	-0.901	-1.573
1.192	0.656	0.701	0.704	0.585	0.471	0.321	0.18	0.004	-0.425	-0.878	-1.556
1.409	0.94	0.816	0.65	0.485	0.359	0.225	0.116	-0.025	-0.425	-0.893	-1.556
2.474	1.661	1.445	1.095	0.789	0.545	0.334	0.158	-0.022	-0.425	-0.908	-1.556
1.858	1.455	1.352	1.157	0.913	0.682	0.447	0.235	-0.002	-0.433	-0.908	-1.543
4.019	2.75	2.291	1.654	1.179	0.805	0.501	0.253	0.003	-0.461	-0.908	-1.521
4.533	3.286	2.793	2.114	1.604	1.146	0.752	0.398	0.04	-0.464	-0.907	-1.516
1.75	1.805	1.954	1.904	1.618	1.247	0.86	0.474	0.065	-0.448	-0.896	-1.516
0.383	0.561	0.662	0.758	0.69	0.583	0.408	0.225	-0.007	-0.425	-0.87	-1.516
2.208	1.468	1.193	0.83	0.567	0.38	0.217	0.101	-0.038	-0.461	-0.868	-1.514
0.77	0.703	0.784	0.797	0.659	0.5	0.329	0.155	-0.038	-0.464	-0.868	-1.484
0.023	0.088	0.163	0.27	0.251	0.217	0.136	0.056	-0.07	-0.464	-0.88	-1.476
0.55	0.238	0.231	0.196	0.112	0.071	0.017	-0.015	-0.076	-0.464	-0.896	-1.476
-0.228	-0.132	-0.011	0.095	0.077	0.068	0.024	-0.014	-0.078	-0.471	-0.907	-1.476
-0.512	-0.227	-0.121	-0.033	-0.05	-0.034	-0.049	-0.038	-0.113	-0.503	-0.907	-1.476
-0.53	-0.174	-0.109	-0.048	-0.068	-0.045	-0.078	-0.038	-0.115	-0.503	-0.907	-1.476
-0.328	-0.184	-0.106	-0.048	-0.068	-0.045	-0.078	-0.038	-0.126	-0.52	-0.907	-1.476
-0.521	-0.211	-0.113	-0.048	-0.068	-0.045	-0.078	-0.038	-0.154	-0.542	-0.934	-1.476
-1.252	-0.397	-0.157	-0.048	-0.068	-0.045	-0.078	-0.039	-0.168	-0.542	-0.947	-1.479
-1.699	-0.696	-0.242	-0.059	-0.068	-0.045	-0.078	-0.068	-0.193	-0.58	-0.947	-1.513
-2.041	-1.069	-0.455	-0.095	-0.076	-0.049	-0.078	-0.077	-0.209	-0.582	-0.964	-1.516
-2.201	-1.19	-0.602	-0.123	-0.1	-0.055	-0.077	-0.076	-0.231	-0.61	-0.987	-1.516
-3.847	-2.13	-1.171	-0.235	-0.131	-0.082	-0.078	-0.077	-0.261	-0.622	-0.987	-1.517
-4.707	-3.398	-2.269	-0.76	-0.298	-0.084	-0.078	-0.079	-0.271	-0.643	-1.012	-1.517
-2.518	-2.046	-1.61	-0.85	-0.396	-0.084	-0.078	-0.112	-0.307	-0.66	-1.026	-1.516
-2.971	-2.304	-1.711	-0.954	-0.51	-0.113	-0.105	-0.134	-0.332	-0.681	-1.031	-1.553
-3.385	-2.695	-2.192	-1.417	-0.898	-0.257	-0.116	-0.186	-0.373	-0.711	-1.066	-1.556
-2.184	-1.989	-1.782	-1.357	-1.013	-0.511	-0.163	-0.272	-0.447	-0.756	-1.089	-1.569
-1.255	-1.223	-1.139	-0.967	-0.852	-0.642	-0.486	-0.501	-0.615	-0.863	-1.164	-1.613
-2.012	-1.653	-1.426	-1.117	-0.972	-0.808	-0.742	-0.753	-0.838	-1.028	-1.285	-1.689
-1.96	-1.795	-1.625	-1.378	-1.247	-1.1	-1.033	-1.025	-1.088	-1.225	-1.44	-1.795
-3.169	-2.623	-2.272	-1.836	-1.627	-1.427	-1.334	-1.302	-1.343	-1.439	-1.616	-1.922
-4.87	-4.082	-3.619	-2.964	-2.567	-2.151	-1.865	-1.695	-1.683	-1.698	-1.814	-2.066
-7.155	-5.959	-5.234	-4.327	-3.699	-3.112	-2.623	-2.3	-2.202	-2.084	-2.112	-2.264
-6.944	-6.325	-5.885	-5.256	-4.718	-4.107	-3.52	-3.071	-2.895	-2.63	-2.545	-2.553
-6.917	-6.304	-5.917	-5.361	-4.963	-4.484	-4.002	-3.617	-3.453	-3.169	-3.02	-2.928
-7.647	-6.977	-6.559	-5.952	-5.513	-5.005	-4.501	-4.096	-3.93	-3.62	-3.444	-3.295
-7.044	-6.737	-6.491	-6.093	-5.771	-5.358	-4.91	-4.535	-4.373	-4.057	-3.855	-3.652
-7.801	-7.36	-6.954	-6.409	-6.043	-5.613	-5.176	-4.837	-4.686	-4.393	-4.2	-3.982
-7.636	-7.302	-7.041	-6.642	-6.337	-5.948	-5.539	-5.195	-5.041	-4.732	-4.525	-4.282
-7.173	-7.012	-6.855	-6.548	-6.329	-6.023	-5.69	-5.401	-5.27	-4.995	-4.804	-4.559
-7.287	-7.018	-6.825	-6.53	-6.316	-6.046	-5.768	-5.516	-5.413	-5.174	-5.006	-4.783
-8.472	-7.814	-7.437	-6.946	-6.639	-6.3	-5.959	-5.689	-5.581	-5.347	-5.181	-4.971
-10.407	-9.506	-8.971	-8.265	-7.73	-7.174	-6.604	-6.176	-5.989	-5.652	-5.435	-5.178
-11.762	-10.955	-10.356	-9.55	-8.881	-8.186	-7.443	-6.88	-6.616	-6.153	-5.843	-5.486
-10.993	-10.5	-10.124	-9.58	-9.128	-8.575	-7.943	-7.433	-7.173	-6.685	-6.32	-5.869
-12.883	-12.075	-11.527	-10.692	-10.045	-9.311	-8.522	-7.912	-7.618	-7.092	-6.704	-6.227
-10.895	-10.757	-10.597	-10.256	-9.896	-9.428	-8.835	-8.328	-8.069	-7.555	-7.141	-6.604
-10.556	-10.221	-10.009	-9.663	-9.374	-9.046	-8.625	-8.264	-8.09	-7.691	-7.36	-6.883
-10.944	-10.458	-10.179	-9.766	-9.438	-9.057	-8.633	-8.272	-8.112	-7.751	-7.466	-7.05
-11.8	-11.062	-10.652	-10.112	-9.692	-9.265	-8.783	-8.405	-8.223	-7.86	-7.58	-7.186
-12.056	-11.522	-11.162	-10.615	-10.194	-9.708	-9.152	-8.717	-8.506	-8.092	-7.778	-7.357
-12.12	-11.652	-11.345	-10.84	-10.439	-9.971	-9.431	-8.995	-8.784	-8.356	-8.022	-7.575
-12.807	-12.131	-11.713	-11.118	-10.692	-10.212	-9.661	-9.228	-9.015	-8.587	-8.25	-7.786
-15.373	-14.05	-13.32	-12.358	-11.765	-11.022	-10.264	-9.679	-9.402	-8.898	-8.519	-8.023
-17.214	-15.996	-15.273	-14.228	-13.358	-12.418	-11.366	-10.564	-10.172	-9.484	-8.978	-8.351
-15.953	-15.256	-14.84	-14.155	-13.535	-12.822	-11.951	-11.221	-10.844	-10.126	-9.558	-8.813
-17.112	-16.219	-15.669	-14.814	-14.07	-13.285	-12.34	-11.6	-11.228	-10.525	-9.969	-9.213
-15.395	-14.892	-14.615	-14.133	-13.672	-13.142	-12.447	-11.853	-11.535	-10.897	-10.349	-9.587
-14.898	-14.595	-14.383	-13.974	-13.538	-13.033	-12.391	-11.858	-11.58	-11.013	-10.533	-9.836
-14.837	-14.295	-13.988	-13.533	-13.137	-12.718	-12.198	-11.767	-11.545	-11.06	-10.64	-10.012
-13.719	-13.643	-13.546	-13.287	-12.997	-12.644	-12.172	-11.77	-11.565	-11.103	-10.709	-10.126
-12.82	-12.733	-12.675	-12.474	-12.306	-12.11	-11.797	-11.522	-11.384	-11.037	-10.713	-10.207
-12.546	-12.402	-12.3	-12.089	-11.929	-11.765	-11.502	-11.282	-11.172	-10.892	-10.641	-10.215
-12.92	-12.584	-12.411	-12.114	-11.896	-11.692	-11.399	-11.151	-11.051	-10.792	-10.566	-10.168
-13.538	-13.176	-12.941	-12.551	-12.248	-11.938	-11.546	-11.244	-11.1	-10.805	-10.556	-10.172
-13.725	-13.32	-13.061	-12.675	-12.371	-12.071	-11.663	-11.353	-11.209	-10.889	-10.633	-10.24
-14.157	-13.695	-13.401	-12.961	-12.627	-12.276	-11.841	-11.505	-11.337	-10.996	-10.725	-10.314
-15.58	-15.019	-14.494	-13.774	-13.307	-12.796	-12.219	-11.779	-11.575	-11.169	-10.864	-10.428
-17.818	-16.809	-16.045	-15.012	-14.444	-13.692	-12.89	-12.29	-12.012	-11.494	-11.112	-10.603
-18.692	-18.047	-17.427	-16.431	-15.815	-14.917	-13.896	-13.109	-12.735	-12.05	-11.544	-10.904
-16.963	-16.691	-16.428	-15.922	-15.462	-14.887	-14.128	-13.503	-13.165	-12.523	-11.992	-11.274
-17.219	-16.606	-16.199	-15.589	-15.112	-14.612	-13.969	-13.449	-13.195	-12.641	-12.189	-11.527
-16.415	-16.209	-15.994	-15.549	-15.147	-14.68	-14.048	-13.54	-13.288	-12.758	-12.316	-11.681
-14.958	-14.956	-14.912	-14.711	-14.473	-14.195	-13.768	-13.398	-13.207	-12.774	-12.39	-11.805
-13.25	-13.419	-13.482	-13.478	-13.423	-13.358	-13.159	-12.975	-12.869	-12.588	-12.296	-11.826
-12.732	-12.798	-12.814	-12.78	-12.744	-12.734	-12.617	-12.51	-12.461	-12.272	-12.084	-11.725
-13.033	-12.885	-12.798	-12.637	-12.526	-12.476	-12.34	-12.224	-12.182	-12.019	-11.878	-11.583
-13.578	-13.339	-13.188	-12.916	-12.726	-12.565	-12.343	-12.162	-12.098	-11.901	-11.749	-11.481
-13.748	-13.474	-13.313	-13.036	-12.841	-12.666	-12.394	-12.209	-12.099	-11.889	-11.717	-11.459
-14.075	-13.763	-13.553	-13.221	-12.991	-12.776	-12.479	-12.246	-12.154	-11.914	-11.73	-11.458
-15.57	-14.895	-14.461	-13.886	-13.527	-13.169	-12.749	-12.438	-12.295	-12.006	-11.798	-11.48
-18.077	-16.884	-16.196	-15.286	-14.738	-14.101	-13.418	-12.909	-12.682	-12.264	-11.966	-11.568
-19.701	-18.507	-17.79	-16.789	-16.081	-15.274	-14.356	-13.676	-13.347	-12.765	-12.339	-11.817
-20.016	-18.969	-18.33	-17.449	-16.725	-15.964	-15.049	-14.339	-13.991	-13.334	-12.83	-12.182
-20.828	-19.817	-19.18	-18.247	-17.489	-16.66	-15.672	-14.906	-14.527	-13.824	-13.272	-12.556
-17.46	-17.503	-17.464	-17.211	-16.851	-16.39	-15.728	-15.154	-14.855	-14.215	-13.685	-12.937
-16.113	-16.082	-16.031	-15.857	-15.662	-15.44	-15.061	-14.74	-14.565	-14.146	-13.754	-13.126
-15.63	-15.468	-15.385	-15.193	-15.029	-14.877	-14.593	-14.361	-14.243	-13.933	-13.632	-13.131
-16.034	-15.741	-15.566	-15.259	-15.008	-14.788	-14.441	-14.194	-14.061	-13.771	-13.519	-13.086
-16.577	-16.071	-15.782	-15.399	-15.096	-14.829	-14.46	-14.172	-14.036	-13.751	-13.501	-13.059
-17.164	-16.704	-16.42	-15.983	-15.592	-15.215	-14.733	-14.365	-14.189	-13.825	-13.532	-13.095
-17.571	-16.948	-16.616	-16.14	-15.742	-15.387	-14.897	-14.517	-14.339	-13.962	-13.652	-13.197
-19.301	-18.306	-17.771	-17.064	-16.474	-15.935	-15.29	-14.811	-14.574	-14.131	-13.779	-13.286
-20.841	-19.719	-19.122	-18.3	-17.558	-16.857	-16.009	-15.369	-15.058	-14.49	-14.054	-13.478
-21.943	-20.693	-20.029	-19.145	-18.35	-17.59	-16.656	-15.958	-15.605	-14.95	-14.447	-13.77
-23.327	-21.954	-21.202	-20.204	-19.32	-18.453	-17.4	-16.597	-16.197	-15.457	-14.878	-14.118
-24.116	-22.946	-22.262	-21.298	-20.349	-19.4	-18.223	-17.323	-16.866	-16.032	-15.377	-14.521
-22.683	-21.895	-21.447	-20.801	-20.118	-19.409	-18.463	-17.723	-17.3	-16.52	-15.859	-14.946
-24.128	-22.919	-22.234	-21.33	-20.501	-19.695	-18.69	-17.915	-17.518	-16.767	-16.14	-15.256
-23.846	-22.924	-22.402	-21.658	-20.873	-20.106	-19.104	-18.322	-17.913	-17.13	-16.47	-15.563
-24.02	-23.101	-22.582	-21.841	-21.083	-20.337	-19.349	-18.593	-18.194	-17.426	-16.778	-15.866
-23.334	-22.567	-22.157	-21.541	-20.908	-20.276	-19.42	-18.735	-18.365	-17.653	-17.032	-16.127
-23.564	-22.729	-22.256	-21.569	-20.898	-20.263	-19.426	-18.778	-18.443	-17.77	-17.185	-16.324
-23.229	-22.536	-22.109	-21.496	-20.872	-20.296	-19.522	-18.88	-18.546	-17.882	-17.32	-16.492
-23.354	-22.538	-22.079	-21.423	-20.816	-20.274	-19.518	-18.899	-18.599	-17.976	-17.429	-16.629
-23.772	-22.958	-22.503	-21.825	-21.163	-20.546	-19.713	-19.082	-18.748	-18.101	-17.551	-16.75
-24.728	-23.732	-23.162	-22.355	-21.609	-20.914	-20.014	-19.327	-18.979	-18.295	-17.734	-16.924
-24.408	-23.525	-23.034	-22.358	-21.716	-21.096	-20.246	-19.579	-19.241	-18.558	-17.963	-17.126
-26.395	-25.142	-24.409	-23.38	-22.546	-21.722	-20.669	-19.899	-19.511	-18.769	-18.17	-17.319
-24.862	-24.242	-23.864	-23.252	-22.591	-21.937	-21.021	-20.293	-19.908	-19.135	-18.491	-17.58
-26.383	-25.118	-24.432	-23.536	-22.738	-22.012	-21.074	-20.352	-19.992	-19.273	-18.667	-17.79
-28.04	-26.612	-25.779	-24.683	-23.739	-22.83	-21.686	-20.82	-20.387	-19.58	-18.921	-17.997
-27.661	-26.693	-26.091	-25.211	-24.32	-23.457	-22.287	-21.387	-20.915	-20.035	-19.305	-18.298
-27.682	-26.56	-25.926	-25.082	-24.242	-23.473	-22.43	-21.609	-21.181	-20.345	-19.631	-18.618
-28.425	-27.193	-26.477	-25.497	-24.633	-23.786	-22.685	-21.845	-21.407	-20.568	-19.868	-18.869
-29.07	-27.897	-27.191	-26.168	-25.256	-24.342	-23.154	-22.244	-21.776	-20.889	-20.156	-19.119
-29.016	-27.957	-27.293	-26.35	-25.471	-24.628	-23.473	-22.591	-22.118	-21.233	-20.477	-19.419
-28.765	-27.933	-27.386	-26.53	-25.699	-24.88	-23.751	-22.88	-22.414	-21.527	-20.769	-19.692
-28.301	-27.529	-27.042	-26.289	-25.488	-24.798	-23.737	-22.977	-22.539	-21.713	-20.992	-19.938
-26.59	-26.177	-25.903	-25.436	-24.862	-24.34	-23.521	-22.87	-22.501	-21.761	-21.118	-20.111
-27.086	-26.342	-25.915	-25.247	-24.621	-24.082	-23.267	-22.665	-22.342	-21.67	-21.075	-20.162
-24.261	-24.403	-24.423	-24.249	-23.933	-23.617	-23.02	-22.537	-22.262	-21.648	-21.099	-20.251
-22.922	-22.904	-22.879	-22.748	-22.585	-22.484	-22.146	-21.882	-21.719	-21.31	-20.897	-20.184
-24.997	-24.191	-23.762	-23.168	-22.708	-22.365	-21.856	-21.5	-21.32	-20.943	-20.569	-19.967
-26.042	-25.211	-24.733	-24.021	-23.464	-22.954	-22.244	-21.728	-21.47	-20.955	-20.518	-19.905
-26.415	-25.687	-25.259	-24.595	-23.981	-23.426	-22.637	-22.055	-21.751	-21.161	-20.67	-19.956
-25.24	-24.906	-24.69	-24.275	-23.803	-23.381	-22.708	-22.192	-21.922	-21.341	-20.85	-20.11
-25.18	-24.655	-24.371	-23.903	-23.456	-23.08	-22.488	-22.046	-21.8	-21.296	-20.847	-20.152
-25.503	-24.876	-24.54	-24	-23.499	-23.087	-22.47	-22.03	-21.772	-21.24	-20.802	-20.14
-26.941	-25.91	-25.367	-24.581	-24.003	-23.451	-22.698	-22.147	-21.876	-21.341	-20.888	-20.211
-28.308	-27.184	-26.539	-25.64	-24.912	-24.21	-23.279	-22.598	-22.248	-21.601	-21.072	-20.322
-29.25	-28.117	-27.474	-26.552	-25.721	-24.943	-23.907	-23.129	-22.732	-21.991	-21.391	-20.554
-28.008	-27.525	-27.204	-26.571	-25.875	-25.234	-24.263	-23.542	-23.141	-22.375	-21.735	-20.833
-23.788	-24.304	-24.516	-24.508	-24.357	-24.165	-23.667	-23.249	-23.009	-22.444	-21.888	-21.072
-22.023	-22.363	-22.528	-22.612	-22.6	-22.675	-22.497	-22.363	-22.274	-21.965	-21.629	-20.994
-21.438	-21.628	-21.705	-21.721	-21.713	-21.803	-21.705	-21.645	-21.607	-21.415	-21.191	-20.735
-22.367	-22.07	-21.917	-21.686	-21.52	-21.5	-21.303	-21.203	-21.152	-20.978	-20.801	-20.442
-24.059	-23.451	-23.107	-22.625	-22.223	-21.939	-21.521	-21.222	-21.094	-20.799	-20.588	-20.205
-22.953	-22.755	-22.639	-22.407	-22.168	-21.994	-21.617	-21.353	-21.204	-20.895	-20.6	-20.178
-25.123	-24.199	-23.72	-23.073	-22.61	-22.241	-21.725	-21.372	-21.192	-20.856	-20.573	-20.15
-26.758	-25.65	-25.103	-24.337	-23.67	-23.125	-22.377	-21.846	-21.586	-21.095	-20.718	-20.191
-28.32	-27.093	-26.457	-25.574	-24.774	-24.079	-23.144	-22.465	-22.129	-21.508	-21.028	-20.384
-27.969	-27.204	-26.771	-26.061	-25.352	-24.679	-23.733	-23.021	-22.662	-21.972	-21.42	-20.666
-28.563	-27.523	-26.955	-26.151	-25.448	-24.807	-23.931	-23.258	-22.925	-22.266	-21.716	-20.941
-27.762	-27.165	-26.809	-26.222	-25.59	-25.019	-24.189	-23.516	-23.196	-22.519	-21.967	-21.17
-27.43	-26.828	-26.513	-25.961	-25.373	-24.863	-24.107	-23.596	-23.24	-22.655	-22.128	-21.353
-27.536	-26.777	-26.369	-25.773	-25.237	-24.774	-24.068	-23.543	-23.244	-22.682	-22.209	-21.476
-29.193	-28.086	-27.485	-26.626	-25.929	-25.271	-24.408	-23.772	-23.444	-22.836	-22.32	-21.574
-28.579	-28.087	-27.731	-27.116	-26.429	-25.817	-24.884	-24.2	-23.843	-23.147	-22.574	-21.758
-26.148	-26.039	-25.938	-25.701	-25.364	-25.078	-24.507	-24.065	-23.808	-23.259	-22.75	-21.969
-27.595	-26.672	-26.222	-25.615	-25.123	-24.758	-24.163	-23.732	-23.525	-23.054	-22.646	-21.954
-29.348	-28.215	-27.62	-26.829	-26.089	-25.476	-24.632	-24.025	-23.717	-23.138	-22.67	-21.967
-30.496	-29.234	-28.585	-27.71	-26.903	-26.192	-25.222	-24.505	-24.143	-23.467	-22.92	-22.136
-31.46	-30.189	-29.521	-28.597	-27.711	-26.918	-25.838	-25.047	-24.636	-23.87	-23.252	-22.392
-30.662	-29.861	-29.418	-28.702	-27.936	-27.237	-26.212	-25.449	-25.041	-24.273	-23.609	-22.688
-29.436	-28.91	-28.607	-28.104	-27.516	-26.974	-26.142	-25.489	-25.169	-24.461	-23.843	-22.936
-28.855	-28.34	-28.058	-27.578	-27.056	-26.603	-25.874	-25.333	-25.047	-24.45	-23.88	-23.07
-26.134	-26.377	-26.467	-26.371	-26.151	-25.961	-25.472	-25.09	-24.867	-24.357	-23.883	-23.155
-25.72	-25.462	-25.374	-25.19	-25.001	-24.928	-24.647	-24.44	-24.314	-23.97	-23.646	-23.024
-28.112	-27.179	-26.707	-26.101	-25.586	-25.231	-24.671	-24.31	-24.11	-23.74	-23.382	-22.837
-30.567	-29.336	-28.728	-27.88	-27.095	-26.425	-25.525	-24.892	-24.575	-23.983	-23.523	-22.861
-31.378	-30.358	-29.796	-28.988	-28.157	-27.436	-26.403	-25.637	-25.248	-24.507	-23.929	-23.114
-32.185	-31.016	-30.424	-29.575	-28.742	-28	-26.948	-26.166	-25.764	-24.98	-24.348	-23.457
-31.594	-30.975	-30.606	-29.952	-29.205	-28.485	-27.44	-26.639	-26.228	-25.41	-24.735	-23.779
-30.27	-29.768	-29.485	-29.017	-28.49	-27.987	-27.213	-26.624	-26.287	-25.575	-24.982	-24.057
-30.088	-29.475	-29.167	-28.658	-28.152	-27.717	-26.982	-26.438	-26.167	-25.544	-25.007	-24.169
-30.805	-30.025	-29.621	-29.015	-28.39	-27.88	-27.087	-26.517	-26.212	-25.58	-25.04	-24.237
-32.122	-31.054	-30.528	-29.753	-28.99	-28.361	-27.444	-26.782	-26.432	-25.744	-25.186	-24.352
-32.738	-31.785	-31.264	-30.495	-29.722	-29.024	-27.99	-27.243	-26.846	-26.084	-25.451	-24.544
-32.954	-32.023	-31.517	-30.796	-30.011	-29.346	-28.338	-27.581	-27.189	-26.404	-25.758	-24.801
-31.983	-31.425	-31.086	-30.546	-29.921	-29.356	-28.436	-27.764	-27.409	-26.633	-25.998	-25.036
-31.547	-31.002	-30.704	-30.194	-29.583	-29.123	-28.326	-27.684	-27.332	-26.658	-26.092	-25.197
-31.505	-30.815	-30.493	-29.914	-29.361	-28.921	-28.141	-27.588	-27.336	-26.657	-26.096	-25.268
-31.5	-30.858	-30.54	-30.016	-29.44	-28.969	-28.192	-27.648	-27.335	-26.676	-26.166	-25.33
-31.015	-30.592	-30.341	-29.876	-29.344	-28.923	-28.184	-27.647	-27.331	-26.762	-26.192	-25.375
-30.657	-30.172	-29.92	-29.491	-29.007	-28.668	-27.999	-27.525	-27.24	-26.681	-26.192	-25.466
-31.249	-30.561	-30.198	-29.64	-29.092	-28.685	-27.977	-27.474	-27.227	-26.657	-26.197	-25.467
-31.571	-30.94	-30.602	-30.033	-29.442	-28.968	-28.201	-27.63	-27.349	-26.744	-26.247	-25.471
-31.533	-30.908	-30.624	-30.087	-29.507	-29.047	-28.297	-27.767	-27.446	-26.867	-26.351	-25.567
-30.18	-30.098	-29.994	-29.678	-29.253	-28.894	-28.259	-27.745	-27.52	-26.922	-26.403	-25.667
-27.853	-28.071	-28.16	-28.106	-27.946	-27.905	-27.554	-27.294	-27.13	-26.728	-26.334	-25.67
-26.932	-26.992	-27.027	-26.975	-26.891	-26.938	-26.731	-26.599	-26.526	-26.259	-25.988	-25.476
-27.793	-27.433	-27.288	-26.998	-26.752	-26.681	-26.338	-26.198	-26.107	-25.85	-25.621	-25.18
-28.065	-27.744	-27.593	-27.273	-26.988	-26.804	-26.421	-26.174	-25.985	-25.733	-25.444	-25.012
-30.022	-29.079	-28.622	-27.992	-27.487	-27.144	-26.598	-26.218	-26.044	-25.671	-25.397	-24.913
-31.73	-30.684	-30.146	-29.403	-28.703	-28.14	-27.322	-26.756	-26.461	-25.933	-25.526	-24.947
-32.639	-31.618	-31.08	-30.318	-29.552	-28.923	-27.986	-27.318	-26.974	-26.337	-25.848	-25.152
-32.815	-31.926	-31.412	-30.72	-30	-29.366	-28.436	-27.734	-27.387	-26.698	-26.159	-25.381
-32.925	-32.057	-31.566	-30.916	-30.196	-29.599	-28.683	-28.014	-27.656	-26.979	-26.41	-25.612
-32.784	-32.091	-31.696	-31.07	-30.381	-29.796	-28.887	-28.227	-27.861	-27.181	-26.621	-25.807
-31.639	-31.068	-30.779	-30.315	-29.82	-29.394	-28.68	-28.162	-27.864	-27.266	-26.71	-25.943
-33.053	-31.987	-31.508	-30.803	-30.108	-29.571	-28.74	-28.158	-27.851	-27.239	-26.739	-25.993
-33.686	-32.631	-32.117	-31.379	-30.665	-30.032	-29.12	-28.44	-28.104	-27.434	-26.893	-26.102
-33.865	-32.907	-32.393	-31.693	-31.001	-30.336	-29.408	-28.715	-28.361	-27.656	-27.089	-26.263
-32.375	-32.019	-31.776	-31.338	-30.776	-30.26	-29.458	-28.853	-28.51	-27.829	-27.268	-26.419
-30.892	-30.609	-30.473	-30.153	-29.774	-29.508	-28.931	-28.51	-28.269	-27.734	-27.271	-26.468
-31.38	-30.82	-30.549	-30.087	-29.595	-29.284	-28.698	-28.226	-28.007	-27.531	-27.119	-26.445
-30.293	-30.109	-29.998	-29.7	-29.348	-29.09	-28.554	-28.139	-27.935	-27.464	-27.02	-26.364
-30.773	-30.245	-29.996	-29.551	-29.121	-28.836	-28.303	-27.92	-27.729	-27.309	-26.941	-26.314
-29.465	-29.42	-29.364	-29.121	-28.828	-28.637	-28.158	-27.815	-27.632	-27.221	-26.857	-26.265
-28.895	-28.714	-28.631	-28.389	-28.159	-28.063	-27.707	-27.465	-27.327	-26.992	-26.696	-26.162
-29.745	-29.275	-29.042	-28.62	-28.235	-28.034	-27.583	-27.28	-27.122	-26.788	-26.522	-26.024
-28.035	-28.227	-28.287	-28.17	-27.978	-27.887	-27.504	-27.245	-27.086	-26.754	-26.469	-25.974
-26.312	-26.648	-26.793	-26.859	-26.851	-26.966	-26.829	-26.736	-26.685	-26.473	-26.266	-25.854
-26.067	-26.198	-26.234	-26.224	-26.185	-26.303	-26.216	-26.18	-26.172	-26.049	-25.917	-25.615
-25.78	-25.899	-25.954	-25.917	-25.849	-25.976	-25.864	-25.836	-25.819	-25.708	-25.608	-25.349
-25.959	-25.906	-25.873	-25.761	-25.651	-25.733	-25.586	-25.546	-25.534	-25.428	-25.326	-25.102
-25.778	-25.809	-25.802	-25.719	-25.592	-25.663	-25.502	-25.416	-25.383	-25.251	-25.166	-24.942
-25.677	-25.669	-25.669	-25.554	-25.422	-25.503	-25.324	-25.261	-25.22	-25.104	-24.997	-24.772
-25.942	-25.814	-25.752	-25.583	-25.423	-25.424	-25.243	-25.112	-25.108	-24.958	-24.857	-24.637
-25.037	-25.265	-25.345	-25.317	-25.233	-25.302	-25.138	-25.064	-25.014	-24.873	-24.769	-24.547
-23.741	-24.06	-24.221	-24.342	-24.405	-24.63	-24.641	-24.676	-24.7	-24.652	-24.584	-24.407
-23.601	-23.718	-23.781	-23.836	-23.866	-24.088	-24.138	-24.22	-24.278	-24.283	-24.298	-24.197
-24.713	-24.534	-24.439	-24.265	-24.138	-24.198	-24.093	-24.079	-24.071	-24.05	-24.034	-23.955
-26.128	-25.738	-25.514	-25.153	-24.885	-24.752	-24.452	-24.28	-24.217	-24.056	-23.978	-23.85
-26.295	-26.076	-25.929	-25.632	-25.366	-25.19	-24.837	-24.607	-24.498	-24.259	-24.106	-23.859
-25.714	-25.736	-25.7	-25.514	-25.336	-25.212	-24.947	-24.733	-24.639	-24.403	-24.224	-23.954
-24.565	-24.736	-24.804	-24.769	-24.705	-24.78	-24.62	-24.529	-24.495	-24.34	-24.225	-23.968
-24.695	-24.647	-24.615	-24.512	-24.39	-24.48	-24.321	-24.274	-24.238	-24.139	-24.053	-23.853
-25.214	-25.039	-24.933	-24.713	-24.524	-24.503	-24.309	-24.175	-24.159	-24.022	-23.917	-23.74
-25.782	-25.518	-25.367	-25.079	-24.839	-24.734	-24.451	-24.278	-24.188	-24.019	-23.884	-23.673
-26.32	-25.986	-25.794	-25.445	-25.161	-24.992	-24.639	-24.41	-24.303	-24.09	-23.92	-23.67
-26.433	-26.207	-26.046	-25.711	-25.428	-25.242	-24.854	-24.584	-24.481	-24.215	-24.018	-23.725
-24.938	-25.142	-25.196	-25.121	-25.003	-24.994	-24.747	-24.579	-24.495	-24.277	-24.094	-23.787
-23.425	-23.804	-23.963	-24.059	-24.086	-24.256	-24.202	-24.184	-24.177	-24.077	-23.981	-23.749
-22.575	-22.904	-23.063	-23.21	-23.297	-23.553	-23.61	-23.691	-23.736	-23.729	-23.712	-23.588
-21.678	-22.061	-22.262	-22.466	-22.619	-22.939	-23.07	-23.224	-23.306	-23.37	-23.413	-23.353
-21.028	-21.495	-21.73	-21.956	-22.129	-22.462	-22.63	-22.799	-22.904	-23.005	-23.084	-23.094
-19.9	-20.381	-20.669	-21.019	-21.287	-21.742	-22.026	-22.293	-22.44	-22.61	-22.752	-22.822
-20.644	-20.751	-20.791	-20.878	-21.013	-21.365	-21.59	-21.846	-21.986	-22.196	-22.369	-22.502
-22.89	-22.641	-22.456	-22.186	-22.044	-22.071	-21.983	-21.985	-22.02	-22.06	-22.159	-22.26
-24.05	-23.74	-23.546	-23.195	-22.949	-22.819	-22.556	-22.413	-22.366	-22.263	-22.256	-22.204
-23.739	-23.721	-23.677	-23.486	-23.3	-23.195	-22.924	-22.752	-22.676	-22.514	-22.434	-22.306
-22.005	-22.308	-22.446	-22.528	-22.551	-22.699	-22.643	-22.63	-22.627	-22.553	-22.491	-22.38
-21.59	-21.751	-21.829	-21.892	-21.934	-22.154	-22.191	-22.266	-22.314	-22.327	-22.346	-22.294
-21.662	-21.794	-21.851	-21.847	-21.86	-22.044	-22.024	-22.079	-22.133	-22.14	-22.186	-22.164
-22.053	-22.062	-22.045	-21.973	-21.915	-22.018	-21.983	-21.978	-22.054	-22.031	-22.067	-22.054
-22.253	-22.229	-22.203	-22.105	-22.02	-22.11	-22.027	-22.002	-22.02	-22.014	-21.987	-21.961
-22.525	-22.473	-22.443	-22.309	-22.192	-22.221	-22.104	-22.034	-22.047	-22.01	-21.986	-21.919
-21.374	-21.675	-21.785	-21.852	-21.868	-22.017	-21.984	-21.992	-22.009	-21.975	-21.972	-21.871
-20.628	-20.947	-21.083	-21.217	-21.309	-21.543	-21.616	-21.709	-21.764	-21.804	-21.84	-21.82
-20.879	-21.015	-21.093	-21.113	-21.143	-21.346	-21.392	-21.479	-21.544	-21.594	-21.661	-21.672
-19.88	-20.318	-20.503	-20.68	-20.809	-21.079	-21.182	-21.297	-21.373	-21.444	-21.519	-21.549
-19.793	-20.109	-20.243	-20.371	-20.482	-20.757	-20.863	-21.014	-21.118	-21.224	-21.325	-21.392
-18.403	-19.019	-19.311	-19.64	-19.876	-20.266	-20.5	-20.72	-20.847	-20.994	-21.13	-21.222
-18.07	-18.549	-18.787	-19.069	-19.317	-19.731	-20.02	-20.29	-20.455	-20.671	-20.848	-21.015
-17.765	-18.254	-18.484	-18.76	-19.008	-19.407	-19.699	-19.974	-20.138	-20.361	-20.568	-20.771
-18.095	-18.407	-18.547	-18.725	-18.898	-19.249	-19.478	-19.741	-19.895	-20.115	-20.332	-20.552
-18.127	-18.458	-18.611	-18.772	-18.924	-19.235	-19.424	-19.642	-19.758	-19.955	-20.151	-20.361
-17.213	-17.843	-18.097	-18.383	-18.609	-18.983	-19.233	-19.469	-19.615	-19.807	-19.998	-20.207
-15.531	-16.418	-16.832	-17.341	-17.734	-18.293	-18.699	-19.058	-19.265	-19.54	-19.78	-20.027
-15.314	-15.9	-16.209	-16.634	-17.028	-17.604	-18.09	-18.518	-18.765	-19.124	-19.436	-19.766
-16.241	-16.542	-16.692	-16.919	-17.151	-17.57	-17.914	-18.258	-18.476	-18.807	-19.119	-19.477
-17.431	-17.49	-17.508	-17.551	-17.632	-17.884	-18.085	-18.311	-18.443	-18.714	-18.95	-19.274
-17.786	-17.947	-17.992	-18.026	-18.073	-18.266	-18.355	-18.481	-18.591	-18.741	-18.917	-19.184
-16.897	-17.336	-17.526	-17.734	-17.903	-18.18	-18.34	-18.51	-18.613	-18.778	-18.934	-19.153
-16.247	-16.743	-16.968	-17.231	-17.447	-17.814	-18.06	-18.291	-18.446	-18.644	-18.842	-19.069
-16.286	-16.65	-16.82	-17.016	-17.215	-17.567	-17.808	-18.069	-18.228	-18.461	-18.686	-18.939
-16.519	-16.797	-16.924	-17.069	-17.21	-17.514	-17.723	-17.964	-18.114	-18.31	-18.532	-18.795
-16.665	-16.91	-17.024	-17.146	-17.268	-17.54	-17.717	-17.896	-18.037	-18.227	-18.436	-18.69
-16.151	-16.566	-16.755	-16.961	-17.122	-17.435	-17.635	-17.837	-17.969	-18.162	-18.353	-18.581
-15.873	-16.304	-16.496	-16.71	-16.9	-17.23	-17.454	-17.682	-17.828	-18.031	-18.244	-18.484
-15.273	-15.795	-16.024	-16.297	-16.543	-16.931	-17.217	-17.483	-17.646	-17.874	-18.109	-18.365
-15.652	-15.993	-16.143	-16.327	-16.495	-16.819	-17.065	-17.32	-17.48	-17.708	-17.942	-18.23
-15.176	-15.7	-15.926	-16.179	-16.399	-16.73	-16.993	-17.226	-17.379	-17.599	-17.83	-18.105
-14.583	-15.184	-15.45	-15.771	-16.037	-16.445	-16.739	-17.032	-17.201	-17.456	-17.698	-17.982
-14.096	-14.753	-15.046	-15.384	-15.682	-16.114	-16.464	-16.779	-16.969	-17.255	-17.527	-17.835
-12.69	-13.604	-14.022	-14.534	-14.97	-15.541	-16.012	-16.418	-16.656	-17.001	-17.312	-17.663
-13.329	-13.861	-14.1	-14.434	-14.748	-15.232	-15.663	-16.062	-16.304	-16.684	-17.025	-17.432
-12.105	-13.122	-13.546	-14.051	-14.456	-15.009	-15.455	-15.868	-16.101	-16.466	-16.814	-17.224
-10.595	-11.807	-12.334	-13.01	-13.571	-14.273	-14.887	-15.41	-15.711	-16.158	-16.555	-17.009
-10.001	-11.113	-11.604	-12.265	-12.851	-13.591	-14.273	-14.867	-15.202	-15.73	-16.189	-16.723
-9.534	-10.798	-11.27	-11.917	-12.456	-13.186	-13.856	-14.441	-14.785	-15.328	-15.817	-16.401
-7.726	-9.341	-10.007	-10.888	-11.607	-12.48	-13.277	-13.956	-14.344	-14.942	-15.467	-16.095
-5.538	-7.32	-8.148	-9.306	-10.257	-11.348	-12.357	-13.203	-13.668	-14.383	-14.998	-15.721
-1.825	-3.164	-3.76	-4.803	-6.075	-8.128	-10.252	-11.77	-12.477	-13.501	-14.294	-15.21
0.868	-1.553	-2.396	-3.961	-5.385	-6.944	-8.7	-10.256	-11.046	-12.304	-13.306	-14.471
1.415	-1.069	-1.931	-3.243	-4.496	-5.926	-7.595	-9.106	-9.898	-11.205	-12.299	-13.623
2.456	-0.779	-1.596	-2.817	-3.987	-5.324	-6.89	-8.304	-9.073	-10.347	-11.448	-12.85
3.287	-0.443	-1.222	-2.382	-3.505	-4.785	-6.285	-7.653	-8.391	-9.65	-10.749	-12.163
2.799	-0.282	-0.955	-2.032	-3.101	-4.33	-5.772	-7.091	-7.818	-9.048	-10.137	-11.559
1.841	-0.211	-0.8	-1.805	-2.82	-3.984	-5.364	-6.628	-7.33	-8.526	-9.599	-11.02
3.252	-0.006	-0.695	-1.661	-2.622	-3.732	-5.045	-6.253	-6.928	-8.09	-9.139	-10.542
3.837	0.368	-0.482	-1.454	-2.393	-3.468	-4.746	-5.916	-6.57	-7.704	-8.732	-10.117
4.274	0.808	-0.264	-1.228	-2.152	-3.199	-4.449	-5.591	-6.237	-7.347	-8.358	-9.724
4.486	1.302	-0.04	-1.008	-1.911	-2.934	-4.162	-5.281	-5.914	-7.013	-8.009	-9.365
6.348	2.301	0.345	-0.772	-1.671	-2.678	-3.883	-4.983	-5.606	-6.687	-7.678	-9.017
7.942	3.675	1.057	-0.475	-1.35	-2.364	-3.571	-4.669	-5.29	-6.367	-7.353	-8.686
8.857	4.777	2.088	-0.154	-0.937	-1.952	-3.175	-4.294	-4.923	-6.012	-7.008	-8.353
9.812	6.162	3.923	0.126	-0.487	-1.465	-2.708	-3.854	-4.502	-5.617	-6.63	-8.001
9.238	6.124	4.508	0.626	-0.18	-1.005	-2.23	-3.375	-4.033	-5.179	-6.219	-7.623
6.666	4.692	3.822	1.403	-0.058	-0.655	-1.814	-2.939	-3.593	-4.752	-5.804	-7.237
4.806	3.448	2.852	1.408	-0.029	-0.485	-1.554	-2.615	-3.25	-4.387	-5.43	-6.866
4.245	2.668	2.131	1.091	-0.018	-0.437	-1.433	-2.43	-3.032	-4.122	-5.136	-6.545
4.908	3.228	2.619	1.396	0.03	-0.429	-1.37	-2.315	-2.894	-3.934	-4.915	-6.281
4.808	3.084	2.483	1.348	0.08	-0.395	-1.315	-2.225	-2.783	-3.785	-4.732	-6.063
7.395	4.609	3.573	1.885	0.196	-0.38	-1.258	-2.142	-2.684	-3.654	-4.576	-5.871
6.142	4.297	3.607	2.139	0.379	-0.299	-1.165	-2.042	-2.573	-3.532	-4.43	-5.696
4.716	3.14	2.569	1.541	0.373	-0.234	-1.056	-1.921	-2.447	-3.392	-4.284	-5.531
5.333	3.478	2.847	1.677	0.482	-0.2	-1.008	-1.839	-2.353	-3.277	-4.15	-5.373
4.734	3.054	2.55	1.554	0.511	-0.2	-0.97	-1.778	-2.28	-3.177	-4.033	-5.227
3.006	2.117	1.805	1.145	0.396	-0.193	-0.938	-1.717	-2.21	-3.088	-3.923	-5.099
5.709	3.404	2.69	1.5	0.521	-0.201	-0.936	-1.693	-2.168	-3.018	-3.83	-4.977
6.462	4.14	3.348	1.983	0.766	-0.161	-0.893	-1.643	-2.117	-2.952	-3.747	-4.875
5.74	3.613	2.98	1.831	0.75	-0.15	-0.85	-1.587	-2.045	-2.871	-3.66	-4.77
6.894	4.233	3.412	2.047	0.876	-0.114	-0.794	-1.519	-1.982	-2.795	-3.571	-4.669
5.431	3.829	3.298	2.177	1.042	-0.062	-0.71	-1.436	-1.896	-2.71	-3.482	-4.561
6.152	3.761	3.028	1.858	0.89	-0.032	-0.631	-1.343	-1.796	-2.606	-3.375	-4.454
9.693	6.188	4.895	2.959	1.501	0.073	-0.57	-1.264	-1.715	-2.517	-3.279	-4.343
7.117	5.691	4.946	3.436	2.025	0.428	-0.399	-1.112	-1.577	-2.4	-3.169	-4.236
2.896	2.546	2.414	1.916	1.258	0.502	-0.228	-0.903	-1.382	-2.23	-3.018	-4.101
4.676	2.901	2.399	1.567	0.901	0.32	-0.232	-0.858	-1.298	-2.116	-2.887	-3.967
7.557	4.913	3.987	2.553	1.491	0.552	-0.223	-0.822	-1.263	-2.051	-2.8	-3.857
8.447	6.115	5.123	3.452	2.123	0.87	-0.162	-0.772	-1.206	-1.991	-2.728	-3.767
7.001	5.479	4.782	3.421	2.219	1.045	-0.043	-0.656	-1.103	-1.898	-2.645	-3.674
6.708	4.925	4.214	3.013	2.001	1.037	0.14	-0.477	-0.943	-1.764	-2.519	-3.566
7.362	5.628	4.835	3.44	2.296	1.234	0.264	-0.379	-0.833	-1.646	-2.398	-3.448
7.564	5.845	5.094	3.714	2.535	1.435	0.427	-0.274	-0.724	-1.537	-2.289	-3.332
7.774	5.594	4.828	3.536	2.443	1.434	0.521	-0.189	-0.633	-1.434	-2.185	-3.223
9.739	7.236	6.175	4.431	3.055	1.817	0.738	-0.136	-0.571	-1.356	-2.094	-3.12
11.178	8.303	7.096	5.157	3.631	2.242	1.03	-0.045	-0.504	-1.281	-2.009	-3.029
8.176	7.083	6.483	5.174	3.877	2.558	1.325	0.127	-0.42	-1.197	-1.923	-2.933
5.384	4.622	4.329	3.578	2.755	1.886	1.045	0.194	-0.356	-1.115	-1.838	-2.839
5.147	3.81	3.391	2.675	2.006	1.369	0.758	0.152	-0.312	-1.064	-1.767	-2.757
4.9	3.956	3.584	2.838	2.117	1.435	0.793	0.165	-0.308	-1.024	-1.717	-2.685
4.166	3.205	2.9	2.298	1.709	1.166	0.645	0.136	-0.309	-0.998	-1.673	-2.631
6.44	4.342	3.656	2.626	1.851	1.21	0.649	0.139	-0.302	-0.976	-1.638	-2.57
8.537	6.225	5.336	3.91	2.787	1.825	1.011	0.25	-0.271	-0.964	-1.607	-2.525
4.498	4.1	3.997	3.478	2.754	1.953	1.153	0.344	-0.249	-0.928	-1.572	-2.481
2.609	2.436	2.414	2.179	1.753	1.283	0.774	0.24	-0.231	-0.897	-1.539	-2.435
3.118	2.237	1.971	1.535	1.133	0.783	0.44	0.107	-0.231	-0.897	-1.506	-2.389
3.471	2.572	2.278	1.749	1.263	0.853	0.462	0.1	-0.244	-0.885	-1.496	-2.355
3.43	2.598	2.323	1.839	1.356	0.922	0.502	0.113	-0.27	-0.859	-1.467	-2.33
5.222	3.623	3.035	2.175	1.528	1.004	0.539	0.122	-0.27	-0.857	-1.465	-2.295
7.754	5.647	4.74	3.37	2.366	1.532	0.843	0.216	-0.244	-0.857	-1.448	-2.278
8.417	6.35	5.502	4.116	3.006	2.024	1.163	0.36	-0.229	-0.836	-1.424	-2.245
7.384	5.809	5.236	4.154	3.16	2.217	1.345	0.47	-0.192	-0.814	-1.388	-2.206
8.494	6.425	5.589	4.25	3.171	2.223	1.377	0.529	-0.156	-0.778	-1.361	-2.172
7.919	6.434	5.759	4.53	3.451	2.466	1.572	0.663	-0.117	-0.743	-1.326	-2.138
8.906	6.923	6.083	4.686	3.538	2.532	1.631	0.75	-0.063	-0.706	-1.286	-2.097
8.747	7.03	6.261	4.93	3.789	2.758	1.82	0.895	0.016	-0.671	-1.249	-2.054
4.646	4.444	4.394	3.941	3.259	2.507	1.722	0.907	0.093	-0.627	-1.207	-2.012
3.43	2.799	2.78	2.651	2.282	1.826	1.275	0.692	0.078	-0.607	-1.185	-1.976